134
Caloboletus_001 0.0000000 0.1345743 0.1345743 0.0837346 0.0000021 0.0016130 0.0841226 0.1438897 0.1370098 0.0798093 0.0826203 0.0097774 0.0098052 0.0149389 0.0128922 0.0097540 0.0032440 0.0016205 0.0973205 0.1072038 0.0064920 0.0119268 0.0083134 0.0100211 0.0824110 0.1799007 0.0794779 0.0977099 0.0032439 0.0817013 0.1367372 0.0034085 0.0817013 0.0907682 0.0734216 0.7288798 0.0091319 0.1160140 0.1370098 0.0097799 0.1266980 0.0064920 0.0016230 0.0016130 0.2113863 0.0783356 0.2085643 0.2085643 0.0618194 0.0930606 0.0951624 0.0885734 0.0885734 0.1752801 0.1624567 0.0757155 0.0692439 0.0845031 0.0917371 0.0867516 0.0785222 0.0814522 0.0034233 0.0050262 0.0033887 0.0032324 0.0017434 0.0944178 0.1382867 0.1444295 0.1266980 0.1122705 0.0100372 1.6612505 0.0195501 0.1698494 0.1698494 0.1514818 0.1249650 0.3107359 0.0779493 0.1735525 0.0906353 0.1430697 0.0907682 0.0817019 0.0097774 0.0115236 0.0099244 0.0145478 0.0016130 0.0148538 0.0032324 0.0862745 0.0097799 0.0081776 0.0768209 0.0727229 0.0127579 0.1857287 0.2269690 0.2193672 0.1254720 0.1252151 0.0817019 0.0976004 0.0114602 0.0101164 0.0207833 0.0757508 0.0131901 0.0146157 0.0921217 0.1134121 0.0921217 0.0861192 0.0976005 0.0951624 0.2297859 0.1504711 0.1503596 0.1180555 0.2749414 0.1426217 0.0114602 0.1439146 0.0780645 0.1514818 0.1714262 0.0097736 0.0917371 0.0999641 0.1480973 0.1576347 
Caloboletus_002 0.1345743 0.0000000 0.0000010 0.0977463 0.1343289 0.1317997 0.0960166 0.0116530 0.0016250 0.1061933 0.1094995 0.1276831 0.1304649 0.0623223 0.0556445 0.1272537 0.1344888 0.1323349 0.1230612 0.1341041 0.1385779 0.0568901 0.1194486 0.1221492 0.1144518 0.1794500 0.0993595 0.1235809 0.1275469 0.0956259 0.0016719 0.1269912 0.0956259 0.1251461 0.0856209 0.6848208 0.0842506 0.1065645 0.0016250 0.1317018 0.1255777 0.1385779 0.1326019 0.1315609 0.1682146 0.1118984 0.1655505 0.1655505 0.1103292 0.1254405 0.1254405 0.1204117 0.1204117 0.1288196 0.0185726 0.0981533 0.1007969 0.1064528 0.1151363 0.1146293 0.1007886 0.1068943 0.1175269 0.1320039 0.1260162 0.1292797 0.0925621 0.1572114 0.0000024 0.0000010 0.1255777 0.1051443 0.1360132 1.6801473 0.0663540 0.1360254 0.1360254 0.0116607 0.1474226 0.2550670 0.1042258 0.0027094 0.1226644 0.0099262 0.1251461 0.0934529 0.1276831 0.1313627 0.1301493 0.0605390 0.1315609 0.1358548 0.1292797 0.1129401 0.1317018 0.1297432 0.1032911 0.0982652 0.1220577 0.1671072 0.2053186 0.1942376 0.1505797 0.1477292 0.0934529 0.0996246 0.1289091 0.1180969 0.0900137 0.1054130 0.1336116 0.0608509 0.1243130 0.1404329 0.1243130 0.0737374 0.0784879 0.1254405 0.2080888 0.0149880 0.0149804 0.1704214 0.2216575 0.0082326 0.1289091 0.0017413 0.1043903 0.0116607 0.1345398 0.1315842 0.1151363 0.1129210 0.1930435 0.0151466 
Caloboletus_003 0.1345743 0.0000010 0.0000000 0.0977463 0.1343289 0.1317997 0.0960166 0.0116530 0.0016250 0.1061933 0.1094995 0.1276831 0.1304649 0.0623223 0.0556445 0.1272537 0.1344888 0.1323349 0.1230612 0.1341041 0.1385779 0.0568901 0.1194486 0.1221492 0.1144518 0.1794500 0.0993595 0.1235809 0.1275469 0.0956259 0.0016719 0.1269912 0.0956259 0.1251461 0.0856209 0.6848208 0.0842506 0.1065645 0.0016250 0.1317018 0.1255777 0.1385779 0.1326019 0.1315609 0.1682146 0.1118984 0.1655505 0.1655505 0.1103292 0.1254405 0.1254405 0.1204117 0.1204117 0.1288196 0.0185726 0.0981533 0.1007969 0.1064528 0.1151363 0.1146293 0.1007886 0.1068943 0.1175269 0.1320039 0.1260162 0.1292797 0.0925621 0.1572114 0.0000024 0.0000010 0.1255777 0.1051443 0.1360132 1.6801473 0.0663540 0.1360254 0.1360254 0.0116607 0.1474226 0.2550670 0.1042258 0.0027094 0.1226644 0.0099262 0.1251461 0.0934529 0.1276831 0.1313627 0.1301493 0.0605390 0.1315609 0.1358548 0.1292797 0.1129401 0.1317018 0.1297432 0.1032911 0.0982652 0.1220577 0.1671072 0.2053186 0.1942376 0.1505797 0.1477292 0.0934529 0.0996246 0.1289091 0.1180969 0.0900137 0.1054130 0.1336116 0.0608509 0.1243130 0.1404329 0.1243130 0.0737374 0.0784879 0.1254405 0.2080888 0.0149880 0.0149804 0.1704214 0.2216575 0.0082326 0.1289091 0.0017413 0.1043903 0.0116607 0.1345398 0.1315842 0.1151363 0.1129210 0.1930435 0.0151466 
Caloboletus_004 0.0837346 0.0977463 0.0977463 0.0000000 0.0835969 0.0814583 0.0114346 0.1022063 0.0999417 0.0564403 0.0588492 0.0860021 0.0883475 0.0589160 0.0584320 0.0857435 0.0836963 0.0817611 0.0784233 0.0874631 0.0833868 0.0537004 0.0724584 0.0746957 0.0628929 0.1822285 0.0789277 0.0787232 0.0776342 0.0016060 0.0986589 0.0795541 0.0016060 0.0723187 0.0083873 0.6826633 0.0780364 0.1094013 0.0999417 0.0793999 0.1200454 0.0833868 0.0819101 0.0813251 0.1984852 0.0571625 0.1957341 0.1957341 0.0740117 0.0744345 0.0724812 0.0702805 0.0702805 0.1299796 0.1222757 0.0557878 0.0564990 0.0584269 0.0665940 0.0651169 0.0545014 0.0637734 0.0774708 0.0846077 0.0790039 0.0793236 0.0749574 0.1405546 0.0960345 0.1032659 0.1200454 0.1055457 0.0817714 1.5974543 0.0629723 0.1298505 0.1298505 0.1125290 0.1068320 0.2880492 0.0546728 0.1229404 0.0722191 0.1096197 0.0723187 0.0097421 0.0860021 0.0889073 0.0875209 0.0572510 0.0813251 0.0929481 0.0793236 0.0600712 0.0793999 0.0778565 0.0575248 0.0592507 0.0844627 0.1971859 0.2332932 0.2193448 0.1072450 0.1070387 0.0097421 0.0737534 0.0771305 0.0709631 0.0672789 0.0626806 0.0888091 0.0575416 0.0905937 0.1036309 0.0905937 0.0664945 0.0753828 0.0724812 0.2361677 0.1141026 0.1140238 0.0919445 0.2713192 0.1070632 0.0771305 0.1035143 0.0547487 0.1125290 0.1287459 0.0793367 0.0665940 0.0306385 0.0160971 0.1178617 
Caloboletus_005 0.0000021 0.1343289 0.1343289 0.0835969 0.0000000 0.0016130 0.0839836 0.1436208 0.1367592 0.0796785 0.0824832 0.0097636 0.0097914 0.0149064 0.0128628 0.0097404 0.0032395 0.0016182 0.0971557 0.1070178 0.0064829 0.0119021 0.0083017 0.0100067 0.0822747 0.1794975 0.0794779 0.0975438 0.0032399 0.0815673 0.1364797 0.0034036 0.0815673 0.0906162 0.0733000 0.7263486 0.0091175 0.1160140 0.1367592 0.0097661 0.1266980 0.0064829 0.0016207 0.0016108 0.2109340 0.0782065 0.2081189 0.2081189 0.0637530 0.0929039 0.0950018 0.0884256 0.0884256 0.1749432 0.1621448 0.0755861 0.0692439 0.0843492 0.0915784 0.0865931 0.0783895 0.0814522 0.0034182 0.0050190 0.0033837 0.0032279 0.0017408 0.0964328 0.1382867 0.1441373 0.1266980 0.1122705 0.0100227 1.6523573 0.0195088 0.1695253 0.1695253 0.1511958 0.1270592 0.3135770 0.0778217 0.1735525 0.0904837 0.1452699 0.0906162 0.0815679 0.0097636 0.0115072 0.0099103 0.0145171 0.0016108 0.0148326 0.0032279 0.0861314 0.0097661 0.0081663 0.0766941 0.0725975 0.0127379 0.1852446 0.2264904 0.2193672 0.1275755 0.1273136 0.0815679 0.0974346 0.0114440 0.0101017 0.0207365 0.0756245 0.0131713 0.0145846 0.0921217 0.1134121 0.0921217 0.0883654 0.0976005 0.0950018 0.2293003 0.1501891 0.1500781 0.1180555 0.2743069 0.1423577 0.0114440 0.1436290 0.0779361 0.1511958 0.1710961 0.0097599 0.0915784 0.0999641 0.1480973 0.1573332 
Caloboletus_006 0.0016130 0.1317997 0.1317997 0.0814583 0.0016130 0.0000000 0.0839091 0.1409980 0.1342141 0.0775588 0.0803288 0.0114607 0.0114935 0.0149389 0.0128922 0.0114331 0.0016149 0.0000021 0.0949151 0.1046928 0.0048478 0.0119268 0.0083134 0.0100211 0.0801265 0.1799007 0.0794779 0.0952929 0.0016152 0.0794399 0.1338603 0.0016965 0.0794399 0.0884180 0.0734216 0.7288798 0.0091319 0.1160140 0.1342141 0.0081142 0.1266980 0.0048478 0.0000021 0.0000021 0.2113863 0.0760804 0.2085643 0.2085643 0.0618194 0.0906884 0.0927745 0.0862425 0.0862425 0.1721437 0.1593902 0.0733826 0.0667614 0.0819773 0.0893056 0.0842078 0.0762056 0.0788451 0.0034233 0.0033357 0.0016866 0.0016092 0.0017434 0.0944178 0.1348457 0.1412978 0.1266980 0.1122705 0.0083267 1.6612505 0.0195501 0.1667637 0.1667637 0.1485230 0.1246185 0.3095689 0.0757083 0.1682910 0.0882894 0.1402004 0.0884180 0.0814964 0.0114607 0.0132326 0.0116340 0.0145478 0.0000021 0.0165831 0.0016092 0.0839670 0.0081142 0.0065136 0.0745648 0.0727229 0.0127579 0.1857287 0.2279533 0.2204461 0.1251225 0.1248672 0.0814964 0.0951856 0.0097799 0.0101164 0.0207833 0.0757508 0.0149097 0.0146157 0.0921217 0.1130624 0.0921217 0.0861192 0.0976005 0.0927745 0.2307834 0.1475389 0.1474303 0.1138683 0.2762154 0.1397641 0.0097799 0.1408451 0.0758195 0.1485230 0.1683040 0.0081090 0.0893056 0.0997000 0.1470316 0.1546048 
Caloboletus_007 0.0841226 0.0960166 0.0960166 0.0114346 0.0839836 0.0839091 0.0000000 0.1026772 0.0982118 0.0584884 0.0609320 0.0822038 0.0845274 0.0535465 0.0528494 0.0819576 0.0861741 0.0842232 0.0807141 0.0898531 0.0858532 0.0485737 0.0768398 0.0791190 0.0650119 0.1743716 0.0788667 0.0810244 0.0800544 0.0097816 0.0968788 0.0821112 0.0097816 0.0745562 0.0016695 0.6686038 0.0738706 0.1093183 0.0982118 0.0858963 0.1199562 0.0858532 0.0843779 0.0837708 0.2083915 0.0611914 0.2055858 0.2055858 0.0742659 0.0766930 0.0747248 0.0724994 0.0724994 0.1329374 0.1228594 0.0579456 0.0587214 0.0607010 0.0687948 0.0674577 0.0566026 0.0660656 0.0778445 0.0871782 0.0815384 0.0817508 0.0753257 0.1339831 0.0934500 0.1013747 0.1199562 0.1054636 0.0884901 1.5784807 0.0577132 0.1328040 0.1328040 0.1130591 0.0964512 0.2826289 0.0567123 0.1229428 0.0744527 0.1101317 0.0745562 0.0016122 0.0822038 0.0850625 0.0836534 0.0520335 0.0837708 0.0890910 0.0817508 0.0621400 0.0858963 0.0843619 0.0596179 0.0594055 0.0825724 0.1913925 0.2286387 0.2140953 0.0968191 0.0966369 0.0016122 0.0739225 0.0835667 0.0753551 0.0739293 0.0628386 0.0870847 0.0522980 0.0805679 0.0915137 0.0805679 0.0577862 0.0676766 0.0747248 0.2315056 0.1146377 0.1145582 0.0986927 0.2661462 0.1075607 0.0835667 0.1016573 0.0567915 0.1130591 0.1317111 0.0858269 0.0687948 0.0219674 0.0039593 0.1184230 
Caloboletus_008 0.1438897 0.0116530 0.0116530 0.1022063 0.1436208 0.1409980 0.1026772 0.0000000 0.0133518 0.1116401 0.1150620 0.1392479 0.1421695 0.0687816 0.0621779 0.1387645 0.1437932 0.1415836 0.1288918 0.1402333 0.1479738 0.0629677 0.1283476 0.1311620 0.1201338 0.1725512 0.1038338 0.1294439 0.1366348 0.1000642 0.0137499 0.1364988 0.1000642 0.1310085 0.0922816 0.6652327 0.0927571 0.1154702 0.0133518 0.1408903 0.1347179 0.1479738 0.1418765 0.1407361 0.1659284 0.1144212 0.1632665 0.1632665 0.1114584 0.1313216 0.1313216 0.1261740 0.1261740 0.1291104 0.0239754 0.1037080 0.1069284 0.1124891 0.1209694 0.1208846 0.1063018 0.1132207 0.1243061 0.1415294 0.1354220 0.1383860 0.0986696 0.1678810 0.0122364 0.0127381 0.1347179 0.1142985 0.1456100 1.6866308 0.0727378 0.1363378 0.1363378 0.0168923 0.1514438 0.2592297 0.1096455 0.0196802 0.1284697 0.0116309 0.1310085 0.1000471 0.1392479 0.1431739 0.1420137 0.0667822 0.1407361 0.1478130 0.1383860 0.1185216 0.1408903 0.1388904 0.1087519 0.1039479 0.1346019 0.1588800 0.2014513 0.1899695 0.1546733 0.1517627 0.1000471 0.0992071 0.1379792 0.1270194 0.0940694 0.1110205 0.1454942 0.0671311 0.1253275 0.1448675 0.1253275 0.0814871 0.0873505 0.1313216 0.2041952 0.0167263 0.0167178 0.1763877 0.2273529 0.0099218 0.1379792 0.0143370 0.1098214 0.0168923 0.1348494 0.1407615 0.1209694 0.1199393 0.2239525 0.0204821 
Caloboletus_009 0.1370098 0.0016250 0.0016250 0.0999417 0.1367592 0.1342141 0.0982118 0.0133518 0.0000000 0.1084700 0.1118136 0.1300872 0.1328905 0.0623223 0.0556445 0.1296479 0.1369218 0.1347605 0.1254421 0.1365701 0.1410211 0.0568901 0.1218256 0.1245470 0.1167993 0.1826006 0.1022143 0.1259733 0.1299465 0.0978114 0.0000022 0.1295012 0.0978114 0.1275333 0.0878177 0.6848208 0.0866251 0.1091944 0.0000010 0.1341140 0.1282325 0.1410211 0.1350333 0.1339701 0.1710622 0.1142284 0.1683849 0.1683849 0.1127503 0.1278344 0.1278344 0.1227732 0.1227732 0.1312075 0.0185726 0.1005005 0.1033753 0.1089720 0.1175433 0.1172100 0.1031100 0.1095314 0.1199873 0.1345017 0.1285031 0.1316785 0.0949032 0.1545873 0.0000024 0.0017721 0.1282325 0.1078497 0.1385161 1.6801473 0.0663540 0.1384521 0.1384521 0.0116607 0.1499345 0.2550670 0.1064975 0.0000010 0.1250363 0.0082522 0.1275333 0.0956268 0.1300872 0.1338076 0.1326079 0.0605390 0.1339701 0.1383182 0.1316785 0.1152513 0.1341140 0.1321511 0.1055827 0.1006654 0.1246755 0.1671072 0.2082970 0.1975611 0.1531184 0.1502470 0.0956268 0.1018703 0.1312998 0.1204844 0.0900137 0.1077586 0.1360653 0.0608509 0.1271906 0.1432444 0.1271906 0.0760818 0.0811505 0.1278344 0.2110805 0.0132910 0.0132843 0.1747297 0.2248084 0.0065705 0.1312998 0.0000010 0.1066662 0.0116607 0.1369716 0.1339938 0.1175433 0.1152304 0.2000374 0.0151466 
Caloboletus_010 0.0798093 0.1061933 0.1061933 0.0564403 0.0796785 0.0775588 0.0584884 0.1116401 0.1084700 0.0000000 0.0016237 0.0778074 0.0800876 0.0500363 0.0492150 0.0735845 0.0797737 0.0778464 0.0357711 0.0433872 0.0794794 0.0481651 0.0685678 0.0707793 0.0082063 0.1849044 0.0299996 0.0358991 0.0737495 0.0545649 0.1047558 0.0731262 0.0545649 0.0339149 0.0566794 0.6535769 0.0713024 0.1126392 0.1084700 0.0755149 0.1229229 0.0794794 0.0779877 0.0774324 0.1835908 0.0165789 0.1809129 0.1809129 0.0601972 0.0357517 0.0339861 0.0321200 0.0321200 0.1444142 0.1342206 0.0017003 0.0018465 0.0017738 0.0118498 0.0071811 0.0016644 0.0056077 0.0734025 0.0781976 0.0726261 0.0754427 0.0729520 0.1078297 0.1029550 0.1098921 0.1229229 0.1088378 0.0777650 1.5832153 0.0544461 0.1442638 0.1442638 0.1240067 0.0846162 0.3023271 0.0016134 0.1338707 0.0338732 0.1185704 0.0339149 0.0564641 0.0778074 0.0805902 0.0791662 0.0515867 0.0774324 0.0845727 0.0754427 0.0181204 0.0755149 0.0759571 0.0000010 0.0000010 0.0729861 0.2023008 0.2421112 0.2246495 0.0849280 0.0847750 0.0564641 0.0630188 0.0777493 0.0715410 0.0733638 0.0033465 0.0805031 0.0491047 0.0703639 0.0788364 0.0703639 0.0618112 0.0621000 0.0339861 0.2450477 0.1232173 0.1231295 0.0354417 0.2593198 0.1158947 0.0777493 0.1100260 0.0016154 0.1240067 0.1432217 0.0754552 0.0118498 0.0687195 0.1020652 0.1296369 
Caloboletus_011 0.0826203 0.1094995 0.1094995 0.0588492 0.0824832 0.0803288 0.0609320 0.1150620 0.1118136 0.0016237 0.0000000 0.0805902 0.0829125 0.0500363 0.0492150 0.0762987 0.0801964 0.0801964 0.0360858 0.0437771 0.0822742 0.0515115 0.0712422 0.0734938 0.0099491 0.1840111 0.0299996 0.0378812 0.0764712 0.0569483 0.1047558 0.0731262 0.0569483 0.0306374 0.0591806 0.6537426 0.0713024 0.1126392 0.1118136 0.0782543 0.1260642 0.0822742 0.0801964 0.0801964 0.1787436 0.0184266 0.1760779 0.1760779 0.0628131 0.0360660 0.0342841 0.0324001 0.0324001 0.1483119 0.1356834 0.0017003 0.0018465 0.0017738 0.0118498 0.0071811 0.0016644 0.0056077 0.0762504 0.0781976 0.0726261 0.0781785 0.0758533 0.1082353 0.1029550 0.1098921 0.1260642 0.1088378 0.0806138 1.6060683 0.0579732 0.1481548 0.1481548 0.1276529 0.0851611 0.3097821 0.0032594 0.1338707 0.0341693 0.1221055 0.0306374 0.0588745 0.0805902 0.0785115 0.0791662 0.0522229 0.0801964 0.0785115 0.0781785 0.0199718 0.0782543 0.0785666 0.0016420 0.0000010 0.0729861 0.2014445 0.2417799 0.2246495 0.0831830 0.0853219 0.0588745 0.0634069 0.0805292 0.0737522 0.0775485 0.0050326 0.0833474 0.0520081 0.0703639 0.0788364 0.0703639 0.0618112 0.0621000 0.0342841 0.2447424 0.1268282 0.1267366 0.0354417 0.2625479 0.1193760 0.0805292 0.1100260 0.0032635 0.1276529 0.1446624 0.0761807 0.0118498 0.0673193 0.1020652 0.1333996 
Caloboletus_012 0.0097774 0.1276831 0.1276831 0.0860021 0.0097636 0.0114607 0.0822038 0.1392479 0.1300872 0.0778074 0.0805902 0.0000000 0.0032265 0.0049212 0.0000010 0.0032265 0.0131533 0.0114984 0.0952343 0.1050563 0.0164510 0.0023586 0.0185436 0.0203218 0.0803866 0.1742568 0.0745998 0.0956148 0.0114871 0.0839544 0.1296116 0.0138314 0.0839544 0.0887105 0.0714929 0.7361869 0.0018105 0.1086522 0.1300872 0.0198264 0.1194702 0.0164510 0.0115165 0.0114445 0.2089574 0.0783907 0.2061405 0.2061405 0.0658819 0.0909905 0.0930849 0.0865262 0.0865262 0.1678593 0.1576560 0.0736278 0.0671239 0.0822709 0.0896110 0.0845108 0.0764575 0.0792874 0.0138906 0.0152921 0.0137490 0.0131057 0.0123826 0.0944891 0.1329282 0.1367456 0.1194702 0.1047173 0.0203552 1.6140671 0.0047675 0.1625034 0.1625034 0.1467812 0.1252419 0.3115582 0.0759504 0.1702457 0.0885810 0.1409118 0.0887105 0.0797963 0.0000010 0.0016187 0.0000010 0.0000010 0.0114445 0.0048684 0.0131057 0.0842411 0.0198264 0.0182373 0.0748052 0.0706158 0.0017887 0.1791526 0.2215582 0.2137842 0.1257513 0.1254932 0.0797963 0.0976740 0.0215749 0.0205183 0.0342680 0.0737156 0.0032424 0.0000010 0.0924863 0.1113479 0.0924863 0.0863176 0.0953018 0.0930849 0.2243561 0.1458066 0.1456989 0.1150080 0.2655245 0.1380267 0.0215749 0.1363786 0.0760620 0.1467812 0.1640067 0.0198133 0.0896110 0.0981566 0.1433190 0.1528609 
Caloboletus_013 0.0098052 0.1304649 0.1304649 0.0883475 0.0097914 0.0114935 0.0845274 0.1421695 0.1328905 0.0800876 0.0829125 0.0032265 0.0000000 0.0074045 0.0025373 0.0064961 0.0131912 0.0115314 0.0976742 0.1076048 0.0164986 0.0047311 0.0185987 0.0203825 0.0827018 0.1779821 0.0774502 0.0980666 0.0115201 0.0862841 0.1324953 0.0138733 0.0862841 0.0910937 0.0737740 0.7388849 0.0036294 0.1116427 0.1328905 0.0198841 0.1224575 0.0164986 0.0115496 0.0114772 0.2127249 0.0806925 0.2098831 0.2098831 0.0681320 0.0933963 0.0955069 0.0888893 0.0888893 0.1710068 0.1607552 0.0759913 0.0696442 0.0848321 0.0920771 0.0870906 0.0788048 0.0819370 0.0139329 0.0153378 0.0137905 0.0131433 0.0124210 0.0969532 0.1364110 0.1398840 0.1224575 0.1077658 0.0204161 1.6140671 0.0071724 0.1655997 0.1655997 0.1497711 0.1279553 0.3163927 0.0782208 0.1756491 0.0909597 0.1438323 0.0910937 0.0820916 0.0032265 0.0048887 0.0032744 0.0023723 0.0114772 0.0081686 0.0131433 0.0865802 0.0198841 0.0182906 0.0770908 0.0729906 0.0017841 0.1791526 0.2253289 0.2180077 0.1284793 0.1282133 0.0820916 0.1001417 0.0216381 0.0205801 0.0315394 0.0760196 0.0032348 0.0023831 0.0954320 0.1143034 0.0954320 0.0890287 0.0984353 0.0955069 0.2281509 0.1487695 0.1486590 0.1192958 0.2699095 0.1409138 0.0216381 0.1394551 0.0783365 0.1497711 0.1671395 0.0198709 0.0920771 0.1006377 0.1506300 0.1559229 
Caloboletus_014 0.0149389 0.0623223 0.0623223 0.0589160 0.0149064 0.0149389 0.0535465 0.0687816 0.0623223 0.0500363 0.0500363 0.0049212 0.0074045 0.0000000 0.0025392 0.0049036 0.0149064 0.0149064 0.0503563 0.0627827 0.0174398 0.0024443 0.0225820 0.0225820 0.0473968 0.1664177 0.0327985 0.0503563 0.0124546 0.0560628 0.0569418 0.0153746 0.0560628 0.0501174 0.0503757 0.5492915 0.0024679 0.0881981 0.0623223 0.0225820 0.0921384 0.0174398 0.0149064 0.0149064 0.1432562 0.0446851 0.1432562 0.1432562 0.0701168 0.0531723 0.0531723 0.0473325 0.0473325 0.1115722 0.0819946 0.0489732 0.0338392 0.0533683 0.0595845 0.0533683 0.0480937 0.0503434 0.0149455 0.0177863 0.0152391 0.0149064 0.0149064 0.0710484 0.0450846 0.0626901 0.0921384 0.0823472 0.0228156 1.7968694 0.0074446 0.1079378 0.1079378 0.0721248 0.0711095 0.2567962 0.0472570 0.0362109 0.0501053 0.0685107 0.0501174 0.0503757 0.0049212 0.0049212 0.0049212 0.0049212 0.0149064 0.0049212 0.0149064 0.0557142 0.0225820 0.0225820 0.0500363 0.0529898 0.0053903 0.1579690 0.1579690 0.1443698 0.0680973 0.0713093 0.0503757 0.0563089 0.0225820 0.0225820 0.0383749 0.0558756 0.0074045 0.0049350 0.0569676 0.0574330 0.0569676 0.0668131 0.0744344 0.0531723 0.1618534 0.0714117 0.0743928 0.0783272 0.1974803 0.0685283 0.0225820 0.0608728 0.0472570 0.0721248 0.1114590 0.0199965 0.0595845 0.0721164 0.0859564 0.0725269 
Caloboletus_015 0.0128922 0.0556445 0.0556445 0.0584320 0.0128628 0.0128922 0.0528494 0.0621779 0.0556445 0.0492150 0.0492150 0.0000010 0.0025373 0.0025392 0.0000000 0.0025373 0.0128628 0.0128628 0.0495416 0.0624456 0.0154809 0.0000010 0.0181242 0.0181242 0.0464729 0.1397323 0.0297956 0.0495416 0.0103181 0.0554673 0.0557809 0.0129324 0.0554673 0.0492975 0.0495614 0.5550467 0.0000029 0.0795535 0.0556445 0.0181242 0.0854202 0.0154809 0.0128628 0.0128628 0.1154868 0.0436578 0.1154868 0.1154868 0.0700793 0.0524657 0.0524657 0.0464073 0.0464073 0.1028506 0.0755896 0.0467288 0.0310342 0.0508382 0.0580373 0.0508382 0.0463306 0.0476290 0.0128981 0.0155301 0.0129351 0.0128628 0.0128628 0.0551772 0.0420353 0.0602257 0.0854202 0.0799260 0.0183179 1.7536754 0.0025514 0.0991593 0.0991593 0.0655598 0.0711120 0.2388527 0.0463306 0.0307047 0.0492852 0.0619277 0.0492975 0.0495614 0.0000010 0.0000010 0.0000010 0.0000010 0.0128628 0.0000010 0.0128628 0.0521508 0.0181242 0.0181242 0.0492150 0.0507326 0.0000020 0.1314844 0.1314844 0.1421713 0.0679771 0.0713201 0.0495614 0.0557205 0.0181242 0.0181242 0.0336311 0.0552750 0.0025373 0.0000010 0.0541417 0.0547476 0.0541417 0.0653779 0.0718800 0.0524657 0.1353139 0.0648967 0.0679423 0.0669086 0.1778213 0.0619440 0.0181242 0.0584644 0.0463306 0.0655598 0.1027435 0.0181242 0.0580373 0.0590342 0.0688206 0.0659358 
Caloboletus_016 0.0097540 0.1272537 0.1272537 0.0857435 0.0097404 0.0114331 0.0819576 0.1387645 0.1296479 0.0735845 0.0762987 0.0032265 0.0064961 0.0049036 0.0025373 0.0000000 0.0131215 0.0114706 0.0949401 0.1047220 0.0164110 0.0023505 0.0184972 0.0202706 0.0801462 0.1735264 0.0743235 0.0953181 0.0114594 0.0837029 0.1291612 0.0137961 0.0837029 0.0843316 0.0712797 0.7338974 0.0018057 0.1082490 0.1296479 0.0197777 0.1190340 0.0164110 0.0114886 0.0114170 0.2024820 0.0781569 0.1997005 0.1997005 0.0656866 0.0907118 0.0886480 0.0862642 0.0862642 0.1672580 0.1570911 0.0734009 0.0669017 0.0819996 0.0893292 0.0842309 0.0762244 0.0790159 0.0138550 0.0152537 0.0137142 0.0130740 0.0123504 0.0941941 0.1323740 0.1362342 0.1190340 0.1043192 0.0203039 1.6140671 0.0072007 0.1619259 0.1619259 0.1462655 0.1248296 0.3102242 0.0757263 0.1650026 0.0883118 0.1404239 0.0843316 0.0795595 0.0032265 0.0048887 0.0032744 0.0047773 0.0114170 0.0081686 0.0130740 0.0839878 0.0197777 0.0181924 0.0705640 0.0661984 0.0054063 0.1782800 0.2206867 0.2128313 0.1253354 0.1250792 0.0795595 0.0973699 0.0215215 0.0204660 0.0370212 0.0694372 0.0065284 0.0023924 0.0921407 0.1109411 0.0921407 0.0860181 0.0949246 0.0886480 0.2234722 0.1452982 0.1451913 0.1108396 0.2644002 0.1375523 0.0215215 0.1358782 0.0758372 0.1462655 0.1634184 0.0197646 0.0893292 0.0978496 0.1362872 0.1523159 
Caloboletus_017 0.0032440 0.1344888 0.1344888 0.0836963 0.0032395 0.0016149 0.0861741 0.1437932 0.1369218 0.0797737 0.0801964 0.0131533 0.0131912 0.0149064 0.0128628 0.0131215 0.0000000 0.0000010 0.0951777 0.1049887 0.0064907 0.0144002 0.0100190 0.0117416 0.0823734 0.1834714 0.0794779 0.0972878 0.0032438 0.0816645 0.1336100 0.0016940 0.0816645 0.0886605 0.0756606 0.7291239 0.0091175 0.1160140 0.1369218 0.0097779 0.1272623 0.0064907 0.0000010 0.0016127 0.2119263 0.0783008 0.2090963 0.2090963 0.0660470 0.0909382 0.0930305 0.0864782 0.0864782 0.1751490 0.1598785 0.0732580 0.0667614 0.0818290 0.0891521 0.0840550 0.0760776 0.0788451 0.0051575 0.0033310 0.0016842 0.0032319 0.0035026 0.0986197 0.1348457 0.1410139 0.1272623 0.1122705 0.0100351 1.6691355 0.0221325 0.1697247 0.1697247 0.1513768 0.1295378 0.3176186 0.0779150 0.1682910 0.0885312 0.1454433 0.0886605 0.0837358 0.0131533 0.0132137 0.0116173 0.0170785 0.0016127 0.0165593 0.0032319 0.0862341 0.0097779 0.0081623 0.0744424 0.0725975 0.0127379 0.1899180 0.2315420 0.2204461 0.1273453 0.1297979 0.0837358 0.0951211 0.0114578 0.0101017 0.0235387 0.0756245 0.0166370 0.0145846 0.0921217 0.1130624 0.0921217 0.0883654 0.0976005 0.0930305 0.2343931 0.1503679 0.1502566 0.1138683 0.2803871 0.1425273 0.0114578 0.1405675 0.0780297 0.1513768 0.1712988 0.0081281 0.0891521 0.1022756 0.1470316 0.1575221 
Caloboletus_018 0.0016205 0.1323349 0.1323349 0.0817611 0.0016182 0.0000021 0.0842232 0.1415836 0.1347605 0.0778464 0.0801964 0.0114984 0.0115314 0.0149064 0.0128628 0.0114706 0.0000010 0.0000000 0.0931884 0.1029487 0.0048635 0.0119838 0.0083413 0.0100547 0.0804264 0.1807957 0.0794779 0.0952930 0.0016204 0.0797347 0.1336100 0.0016940 0.0797347 0.0866934 0.0736993 0.7243914 0.0091175 0.1160140 0.1347605 0.0081407 0.1272623 0.0048635 0.0000010 0.0000010 0.2086614 0.0763641 0.2058491 0.2058491 0.0640990 0.0889610 0.0910478 0.0845194 0.0845194 0.1728734 0.1576122 0.0732580 0.0667614 0.0818290 0.0891521 0.0840550 0.0760776 0.0788451 0.0034350 0.0033310 0.0016842 0.0016144 0.0017495 0.0965982 0.1348457 0.1410139 0.1272623 0.1122705 0.0083547 1.6586747 0.0196461 0.1674663 0.1674663 0.1491447 0.1274349 0.3147646 0.0759891 0.1682910 0.0865672 0.1432408 0.0866934 0.0817995 0.0114984 0.0132137 0.0116173 0.0146185 0.0000010 0.0148581 0.0016144 0.0842816 0.0081407 0.0065237 0.0744424 0.0725975 0.0127379 0.1868027 0.2290133 0.2204461 0.1252467 0.1276907 0.0817995 0.0931327 0.0098119 0.0101017 0.0208918 0.0756245 0.0149592 0.0145846 0.0921217 0.1130624 0.0921217 0.0883654 0.0976005 0.0910478 0.2318585 0.1481522 0.1480426 0.1138683 0.2776127 0.1403392 0.0098119 0.1405675 0.0761006 0.1491447 0.1690194 0.0064965 0.0891521 0.1002549 0.1470316 0.1552596 
Caloboletus_019 0.0973205 0.1230612 0.1230612 0.0784233 0.0971557 0.0949151 0.0807141 0.1288918 0.1254421 0.0357711 0.0360858 0.0952343 0.0976742 0.0503563 0.0495416 0.0949401 0.0951777 0.0931884 0.0000000 0.0065300 0.0969027 0.0482388 0.0772189 0.0795125 0.0398130 0.1909904 0.0041271 0.0016129 0.0909761 0.0764419 0.1224958 0.0889556 0.0764419 0.0147491 0.0685729 0.6512551 0.0783444 0.1058457 0.1254421 0.0886223 0.1191424 0.0969027 0.0933627 0.0947554 0.1909764 0.0434668 0.1882451 0.1882451 0.0643163 0.0064695 0.0081029 0.0064858 0.0064858 0.1523929 0.1477938 0.0284162 0.0290590 0.0317206 0.0427192 0.0358269 0.0314820 0.0332499 0.0819400 0.0965173 0.0883263 0.0926795 0.0794910 0.1178782 0.1300310 0.1290707 0.1191424 0.1018525 0.0913266 1.6179374 0.0573034 0.1522309 0.1522309 0.1419153 0.1112256 0.3139655 0.0340644 0.1645494 0.0081222 0.1361291 0.0147491 0.0783623 0.0952343 0.0961863 0.0948220 0.0516681 0.0947554 0.1003148 0.0926795 0.0448904 0.0886223 0.0870825 0.0309574 0.0291124 0.0897446 0.2024314 0.2575341 0.2461838 0.1116587 0.1114416 0.0783623 0.0750920 0.0909793 0.0759906 0.0704615 0.0334078 0.0979093 0.0491931 0.0854542 0.1061858 0.0854542 0.0710620 0.0777638 0.0081029 0.2605646 0.1409795 0.1408759 0.0688177 0.2594174 0.1332842 0.0909793 0.1288499 0.0322463 0.1419153 0.1540885 0.0844357 0.0427192 0.0939319 0.1542298 0.1479090 
Caloboletus_020 0.1072038 0.1341041 0.1341041 0.0874631 0.1070178 0.1046928 0.0898531 0.1402333 0.1365701 0.0433872 0.0437771 0.1050563 0.1076048 0.0627827 0.0624456 0.1047220 0.1049887 0.1029487 0.0065300 0.0000000 0.1067309 0.0600609 0.0865413 0.0889349 0.0476355 0.2068273 0.0126636 0.0082071 0.1006548 0.0854232 0.1338671 0.0990221 0.0854232 0.0216884 0.0775565 0.6885747 0.0885975 0.1177821 0.1365701 0.0982027 0.1311469 0.1067309 0.1031460 0.1045123 0.2024536 0.0513969 0.1996392 0.1996392 0.0734020 0.0131685 0.0148445 0.0132026 0.0132026 0.1643176 0.1573317 0.0362205 0.0375994 0.0399972 0.0508267 0.0442813 0.0392251 0.0419657 0.0917054 0.1067147 0.0983026 0.1023739 0.0893850 0.1288901 0.1439815 0.1414441 0.1311469 0.1140240 0.1012652 1.6655679 0.0697101 0.1641371 0.1641371 0.1537860 0.1214406 0.3335111 0.0416475 0.1860671 0.0148809 0.1477235 0.0216884 0.0873933 0.1050563 0.1061317 0.1048015 0.0638057 0.1045123 0.1103777 0.1023739 0.0527879 0.0982027 0.0966689 0.0385567 0.0371265 0.1004037 0.2213840 0.2744992 0.2651338 0.1219261 0.1216808 0.0873933 0.0841099 0.1006626 0.0853724 0.0843574 0.0412304 0.1078670 0.0612880 0.0968278 0.1176358 0.0968278 0.0812853 0.0895003 0.0148445 0.2776380 0.1527425 0.1526276 0.0828746 0.2768818 0.1447453 0.1006626 0.1409802 0.0397673 0.1537860 0.1661848 0.0938811 0.0508267 0.1035710 0.1542298 0.1600669 
Caloboletus_021 0.0064920 0.1385779 0.1385779 0.0833868 0.0064829 0.0048478 0.0858532 0.1479738 0.1410211 0.0794794 0.0822742 0.0164510 0.0164986 0.0174398 0.0154809 0.0164110 0.0064907 0.0048635 0.0969027 0.1067309 0.0000000 0.0143210 0.0133663 0.0151050 0.0820668 0.1822512 0.0846473 0.0972887 0.0064914 0.0813631 0.1408682 0.0068204 0.0813631 0.0903834 0.0753760 0.7409907 0.0146894 0.1212374 0.1410211 0.0130445 0.1318485 0.0000010 0.0048711 0.0048411 0.2196681 0.0780103 0.2168165 0.2168165 0.0657992 0.0926638 0.0947554 0.0881996 0.0881996 0.1741543 0.1666094 0.0753891 0.0713140 0.0841142 0.0913354 0.0863510 0.0781875 0.0835560 0.0086012 0.0083807 0.0067805 0.0064676 0.0070096 0.1029078 0.1406772 0.1488488 0.1318485 0.1176224 0.0133878 1.6136895 0.0220075 0.1687661 0.1687661 0.1555888 0.1290268 0.3228243 0.0776275 0.1769020 0.0902516 0.1496079 0.0903834 0.0834259 0.0164510 0.0182830 0.0167014 0.0169830 0.0048411 0.0216624 0.0064676 0.0859127 0.0130445 0.0114532 0.0765011 0.0747642 0.0183235 0.1850615 0.2301175 0.2202528 0.1295514 0.1292849 0.0834259 0.0971799 0.0147398 0.0152495 0.0233973 0.0777190 0.0199757 0.0170622 0.0972831 0.1181321 0.0972831 0.0907902 0.1030993 0.0947554 0.2329498 0.1545503 0.1544360 0.1211274 0.2854607 0.1466692 0.0147398 0.1482509 0.0777413 0.1555888 0.1703229 0.0130361 0.0913354 0.1018838 0.1590621 0.1617823 
Caloboletus_022 0.0119268 0.0568901 0.0568901 0.0537004 0.0119021 0.0119268 0.0485737 0.0629677 0.0568901 0.0481651 0.0515115 0.0023586 0.0047311 0.0024443 0.0000010 0.0023505 0.0144002 0.0119838 0.0482388 0.0600609 0.0143210 0.0000000 0.0192244 0.0192244 0.0456247 0.1692932 0.0290768 0.0458065 0.0095456 0.0509901 0.0535626 0.0126599 0.0509901 0.0507397 0.0455909 0.5425498 0.0000028 0.0839976 0.0568901 0.0192244 0.0992897 0.0143210 0.0120114 0.0119021 0.1560515 0.0430164 0.1560515 0.1560515 0.0643595 0.0509289 0.0509289 0.0453580 0.0453580 0.1032721 0.0783112 0.0456801 0.0303315 0.0497264 0.0561796 0.0497264 0.0448699 0.0465250 0.0119319 0.0150670 0.0125501 0.0119021 0.0119021 0.0671381 0.0409634 0.0588980 0.0992897 0.0780567 0.0194149 1.6589170 0.0072007 0.0998693 0.0998693 0.0661078 0.0836480 0.2473754 0.0454942 0.0293592 0.0480096 0.0627324 0.0507397 0.0455909 0.0023586 0.0047874 0.0024102 0.0023816 0.0119021 0.0096108 0.0119021 0.0536149 0.0192244 0.0192727 0.0486391 0.0495655 0.0026614 0.1611775 0.1611775 0.1380797 0.0811382 0.0838800 0.0455909 0.0570215 0.0192244 0.0194028 0.0342680 0.0549220 0.0047311 0.0023924 0.0528055 0.0534599 0.0528055 0.0632224 0.0701638 0.0509289 0.1649056 0.0654872 0.0683133 0.0703808 0.1960057 0.0627477 0.0192244 0.0572126 0.0454942 0.0661078 0.1063647 0.0192060 0.0561796 0.0721359 0.0587336 0.0664596 
Caloboletus_023 0.0083134 0.1194486 0.1194486 0.0724584 0.0083017 0.0083134 0.0768398 0.1283476 0.1218256 0.0685678 0.0712422 0.0185436 0.0185987 0.0225820 0.0181242 0.0184972 0.0100190 0.0083413 0.0772189 0.0865413 0.0133663 0.0192244 0.0000000 0.0016513 0.0668377 0.1764867 0.0719383 0.0775240 0.0066539 0.0704509 0.1211080 0.0051739 0.0704509 0.0749639 0.0754144 0.7052454 0.0184501 0.1136154 0.1218256 0.0000010 0.1243482 0.0133663 0.0083546 0.0083017 0.2027271 0.0666028 0.1999422 0.1999422 0.0578290 0.0771694 0.0792209 0.0728418 0.0728418 0.1561391 0.1464158 0.0655530 0.0589322 0.0696106 0.0751573 0.0697571 0.0668058 0.0682305 0.0086053 0.0085975 0.0068759 0.0066289 0.0070130 0.1001642 0.1197759 0.1249745 0.1243482 0.1071070 0.0000010 1.6546677 0.0270844 0.1508968 0.1508968 0.1357565 0.1110799 0.3024404 0.0667108 0.1426053 0.0748566 0.1300430 0.0749639 0.0744619 0.0185436 0.0204433 0.0188331 0.0219860 0.0083017 0.0239124 0.0066289 0.0789719 0.0000010 0.0000027 0.0690613 0.0686687 0.0202708 0.1817310 0.2177992 0.2127731 0.1092978 0.1113032 0.0744619 0.0859921 0.0016513 0.0016668 0.0128359 0.0739386 0.0220994 0.0220895 0.0921407 0.0929747 0.0921407 0.0884652 0.0949452 0.0792209 0.2206319 0.1348642 0.1347652 0.1023180 0.2486222 0.1272331 0.0016513 0.1248301 0.0665730 0.1357565 0.1561108 0.0033020 0.0751573 0.0883277 0.1229989 0.1416757 
Caloboletus_024 0.0100211 0.1221492 0.1221492 0.0746957 0.0100067 0.0100211 0.0791190 0.1311620 0.1245470 0.0707793 0.0734938 0.0203218 0.0203825 0.0225820 0.0181242 0.0202706 0.0117416 0.0100547 0.0795125 0.0889349 0.0151050 0.0192244 0.0016513 0.0000000 0.0690445 0.1764867 0.0719383 0.0798284 0.0083548 0.0726733 0.1239056 0.0069308 0.0726733 0.0772345 0.0754144 0.7052454 0.0184501 0.1136154 0.1245470 0.0016513 0.1243482 0.0151050 0.0100708 0.0100067 0.2027271 0.0688009 0.1999422 0.1999422 0.0578290 0.0794612 0.0815282 0.0750936 0.0750936 0.1591630 0.1494027 0.0678399 0.0613903 0.0720624 0.0774936 0.0722148 0.0690759 0.0707756 0.0086053 0.0103651 0.0086344 0.0083232 0.0070130 0.1026795 0.1231098 0.1279898 0.1243482 0.1071070 0.0016953 1.6546677 0.0270844 0.1538711 0.1538711 0.1386373 0.1136806 0.3071699 0.0689127 0.1475990 0.0771231 0.1328570 0.0772345 0.0767137 0.0203218 0.0222493 0.0206407 0.0219860 0.0100067 0.0257393 0.0083232 0.0812699 0.0016513 0.0016602 0.0712916 0.0710129 0.0222240 0.1817310 0.2215652 0.2170301 0.1118946 0.1139102 0.0767137 0.0883663 0.0033173 0.0016668 0.0128359 0.0762304 0.0239091 0.0220895 0.0921407 0.0957687 0.0921407 0.0884652 0.0949452 0.0815282 0.2244228 0.1377194 0.1376176 0.1064464 0.2528434 0.1300149 0.0033173 0.1277877 0.0687698 0.1386373 0.1591340 0.0049751 0.0774936 0.0907240 0.1299397 0.1446260 
Caloboletus_025 0.0824110 0.1144518 0.1144518 0.0628929 0.0822747 0.0801265 0.0650119 0.1201338 0.1167993 0.0082063 0.0099491 0.0803866 0.0827018 0.0473968 0.0464729 0.0801462 0.0823734 0.0804264 0.0398130 0.0476355 0.0820668 0.0456247 0.0668377 0.0690445 0.0000000 0.1798668 0.0279155 0.0399577 0.0762785 0.0609694 0.1131959 0.0690247 0.0609694 0.0415170 0.0549500 0.6449313 0.0694057 0.1081126 0.1167993 0.0780579 0.1185189 0.0820668 0.0805739 0.0799948 0.1871649 0.0149014 0.1844629 0.1844629 0.0564166 0.0397909 0.0416060 0.0360716 0.0360716 0.1489823 0.1435056 0.0017109 0.0075311 0.0053958 0.0084350 0.0017820 0.0050587 0.0075281 0.0716092 0.0808576 0.0685559 0.0779824 0.0711200 0.1135763 0.1129722 0.1190514 0.1185189 0.1041844 0.0804053 1.6562190 0.0546047 0.1488236 0.1488236 0.1329333 0.0851879 0.2925522 0.0065632 0.1536293 0.0378605 0.1272761 0.0415170 0.0629204 0.0803866 0.0832257 0.0818044 0.0490017 0.0799948 0.0872519 0.0779824 0.0217451 0.0780579 0.0785188 0.0033036 0.0017465 0.0711012 0.1958240 0.2442990 0.2269362 0.0855041 0.0853487 0.0629204 0.0677316 0.0803259 0.0697886 0.0705355 0.0050478 0.0787571 0.0492476 0.0659463 0.0794362 0.0659463 0.0576696 0.0574775 0.0416060 0.2472647 0.1320644 0.1319679 0.0449001 0.2605923 0.1244935 0.0803259 0.1190185 0.0032653 0.1329333 0.1419642 0.0779955 0.0084350 0.0755727 0.1274059 0.1387939 
Caloboletus_026 0.1799007 0.1794500 0.1794500 0.1822285 0.1794975 0.1799007 0.1743716 0.1725512 0.1826006 0.1849044 0.1840111 0.1742568 0.1779821 0.1664177 0.1397323 0.1735264 0.1834714 0.1807957 0.1909904 0.2068273 0.1822512 0.1692932 0.1764867 0.1764867 0.1798668 0.0000000 0.1519370 0.1919988 0.1746094 0.1792857 0.1637742 0.1521456 0.1792857 0.1839661 0.1733285 0.6684307 0.1559244 0.1469120 0.1826006 0.1764867 0.1736501 0.1822512 0.1812476 0.1794975 0.2521008 0.1812146 0.2487027 0.2487027 0.1859634 0.1941532 0.1972055 0.1902119 0.1902119 0.1454589 0.2053927 0.1568369 0.1478725 0.1593149 0.1605472 0.1597520 0.1633794 0.1559018 0.1778231 0.1594711 0.1598748 0.1766001 0.1766001 0.1781239 0.1284750 0.1543614 0.1736501 0.1411594 0.1796582 1.8833470 0.1769528 0.1402044 0.1402044 0.1912323 0.2303148 0.3238443 0.1819118 0.1014675 0.1931928 0.1864481 0.1839661 0.1733285 0.1742568 0.1732792 0.1721620 0.1722723 0.1794975 0.1788726 0.1766001 0.1850644 0.1764867 0.1741164 0.1867359 0.1630925 0.1530203 0.0110897 0.0116358 0.0089455 0.2283383 0.2309151 0.1733285 0.1736921 0.1764867 0.1782025 0.2089139 0.1865768 0.1754651 0.1775575 0.1753964 0.1794996 0.1753964 0.1934488 0.1902393 0.1972055 0.0136048 0.1847302 0.1877327 0.1283629 0.2827323 0.1826033 0.1764867 0.1535220 0.1819118 0.1912323 0.1455493 0.1824456 0.1605472 0.1699249 0.1615783 0.1993460 
Caloboletus_031 0.0794779 0.0993595 0.0993595 0.0789277 0.0794779 0.0794779 0.0788667 0.1038338 0.1022143 0.0299996 0.0299996 0.0745998 0.0774502 0.0327985 0.0297956 0.0743235 0.0794779 0.0794779 0.0041271 0.0126636 0.0846473 0.0290768 0.0719383 0.0719383 0.0279155 0.1519370 0.0000000 0.0062064 0.0748124 0.0764064 0.1022143 0.0769533 0.0764064 0.0211397 0.0762876 0.6075194 0.0721797 0.1057446 0.1022143 0.0719383 0.1054753 0.0846473 0.0794779 0.0794779 0.1444288 0.0347171 0.1414438 0.1414438 0.0745139 0.0125108 0.0146330 0.0125519 0.0125519 0.1311454 0.1217330 0.0277859 0.0277859 0.0277859 0.0322399 0.0278477 0.0277859 0.0302007 0.0799859 0.0769533 0.0771539 0.0769533 0.0765919 0.0692719 0.0968330 0.0993595 0.1054753 0.1054753 0.0746593 1.8625206 0.0400653 0.1368610 0.1368610 0.1120235 0.0898490 0.3041654 0.0277859 0.1177651 0.0146784 0.1091311 0.0211397 0.0762876 0.0745998 0.0745998 0.0745998 0.0329283 0.0794779 0.0745998 0.0769533 0.0414051 0.0719383 0.0722975 0.0299996 0.0299996 0.0777987 0.1573501 0.2022478 0.2022478 0.0871849 0.0900665 0.0762876 0.0665893 0.0747331 0.0747331 0.0593235 0.0299996 0.0776115 0.0328261 0.0898490 0.0871849 0.0898490 0.0789194 0.0793570 0.0146330 0.2057730 0.1120578 0.1119576 0.0656008 0.2074180 0.1087158 0.0747331 0.1022143 0.0277859 0.1120235 0.1401088 0.0719383 0.0322399 0.0787614 0.1554255 0.1185834 
Caloboletus_032 0.0977099 0.1235809 0.1235809 0.0787232 0.0975438 0.0952929 0.0810244 0.1294439 0.1259733 0.0358991 0.0378812 0.0956148 0.0980666 0.0503563 0.0495416 0.0953181 0.0972878 0.0952930 0.0016129 0.0082071 0.0972887 0.0458065 0.0775240 0.0798284 0.0399577 0.1919988 0.0062064 0.0000000 0.0913377 0.0767337 0.1248552 0.0911363 0.0767337 0.0164771 0.0688394 0.6467201 0.0805949 0.1083689 0.1259733 0.0889729 0.1196929 0.0972887 0.0954717 0.0951319 0.1918992 0.0436255 0.1891532 0.1891532 0.0605184 0.0081305 0.0097760 0.0081511 0.0081511 0.1530473 0.1509039 0.0302568 0.0310682 0.0336617 0.0445929 0.0377977 0.0333007 0.0352878 0.0822753 0.0987051 0.0904896 0.0930471 0.0798223 0.1201771 0.1328874 0.1316140 0.1196929 0.1044369 0.0916989 1.6349507 0.0548311 0.1528838 0.1528838 0.1425346 0.1116718 0.3156570 0.0341862 0.1687429 0.0097994 0.1367163 0.0164771 0.0786617 0.0956148 0.0983220 0.0969684 0.0492015 0.0951319 0.1024642 0.0930471 0.0450530 0.0889729 0.0872448 0.0327443 0.0309998 0.0920488 0.2036802 0.2588399 0.2496452 0.1095775 0.1118894 0.0786617 0.0731612 0.0913412 0.0780597 0.0678211 0.0352400 0.0983034 0.0491931 0.0879227 0.1086078 0.0879227 0.0733273 0.0803341 0.0097760 0.2618880 0.1415903 0.1414858 0.0719171 0.2544882 0.1338559 0.0913412 0.1313450 0.0323612 0.1425346 0.1547573 0.0868375 0.0445929 0.0943014 0.1600182 0.1485620 
Caloboletus_033 0.0032439 0.1275469 0.1275469 0.0776342 0.0032399 0.0016152 0.0800544 0.1366348 0.1299465 0.0737495 0.0764712 0.0114871 0.0115201 0.0124546 0.0103181 0.0114594 0.0032438 0.0016204 0.0909761 0.1006548 0.0064914 0.0095456 0.0066539 0.0083548 0.0762785 0.1746094 0.0748124 0.0913377 0.0000000 0.0756261 0.1294672 0.0000022 0.0756261 0.0845220 0.0695455 0.7047336 0.0091545 0.1114890 0.1299465 0.0064944 0.1222866 0.0064914 0.0016229 0.0016129 0.2034633 0.0722528 0.2006670 0.2006670 0.0620153 0.0867728 0.0888483 0.0823626 0.0823626 0.1676417 0.1549002 0.0694041 0.0625893 0.0777410 0.0852823 0.0799596 0.0722748 0.0745880 0.0017125 0.0016686 0.0000028 0.0000021 0.0000022 0.0925894 0.1298971 0.1365775 0.1222866 0.1076150 0.0066645 1.6242922 0.0171140 0.1598413 0.1598413 0.1441137 0.1227786 0.3039521 0.0719016 0.1612469 0.0843996 0.1383009 0.0845220 0.0776701 0.0114871 0.0132635 0.0116612 0.0121285 0.0016129 0.0166215 0.0000021 0.0801092 0.0064944 0.0048874 0.0707240 0.0686761 0.0127907 0.1795704 0.2229165 0.2152761 0.1232753 0.1230240 0.0776701 0.0912334 0.0081536 0.0084334 0.0208592 0.0718478 0.0149443 0.0121850 0.0875294 0.1086539 0.0875294 0.0840645 0.0927394 0.0888483 0.2257324 0.1431622 0.1430569 0.1075751 0.2674132 0.1354431 0.0081536 0.1362143 0.0720071 0.1441137 0.1613151 0.0064902 0.0852823 0.0958798 0.1369998 0.1501344 
