14
flas_f_61158|ITS|MH211774.1 0.0000000 0.0000010 0.0000010 0.0000010 0.0000010 0.0000010 0.0151330 0.0049995 0.0049995 0.0053383 0.0052845 0.0033210 0.0000010 0.0207746 
flas_f_61546|ITS|MH399876.1 0.0000010 0.0000000 0.0000010 0.0000010 0.0000010 0.0000010 0.0177897 0.0073476 0.0073476 0.0077837 0.0077150 0.0029230 0.0000010 0.0196461 
flas_f_60954|ITS|MH392541.1 0.0000010 0.0000010 0.0000000 0.0000010 0.0000010 0.0000010 0.0125878 0.0053615 0.0053615 0.0057531 0.0056906 0.0035606 0.0000010 0.0224971 
flas_f_61303|ITS|MH392540.1 0.0000010 0.0000010 0.0000010 0.0000000 0.0000010 0.0000010 0.0169455 0.0076397 0.0076397 0.0081117 0.0080371 0.0000010 0.0000010 0.0205190 
flas_f_60201|ITS|MH392539.1 0.0000010 0.0000010 0.0000010 0.0000010 0.0000000 0.0000010 0.0129151 0.0055001 0.0055001 0.0059129 0.0058470 0.0036521 0.0000010 0.0231646 
f_1118420|ITS|MH571680.1    0.0000010 0.0000010 0.0000010 0.0000010 0.0000010 0.0000000 0.0193034 0.0079673 0.0079673 0.0079673 0.0079673 0.0015826 0.0000010 0.0200700 
cort_014483|ITS|MH571679.1  0.0151330 0.0177897 0.0125878 0.0169455 0.0129151 0.0193034 0.0000000 0.0192934 0.0192934 0.0204493 0.0202668 0.0207915 0.0178148 0.0382899 
jbsd127414|ITS|MH571678.1   0.0049995 0.0073476 0.0053615 0.0076397 0.0055001 0.0079673 0.0192934 0.0000000 0.0000010 0.0000010 0.0000010 0.0103051 0.0073579 0.0280510 
jbsd127413|ITS|MH571677.1   0.0049995 0.0073476 0.0053615 0.0076397 0.0055001 0.0079673 0.0192934 0.0000010 0.0000000 0.0000010 0.0000010 0.0103051 0.0073579 0.0280510 
jbsd127412|ITS|MH571676.1   0.0053383 0.0077837 0.0057531 0.0081117 0.0059129 0.0079673 0.0204493 0.0000010 0.0000010 0.0000000 0.0000010 0.0109176 0.0077952 0.0280510 
jbsd127411|ITS|MH571675.1   0.0052845 0.0077150 0.0056906 0.0080371 0.0058470 0.0079673 0.0202668 0.0000010 0.0000010 0.0000010 0.0000000 0.0108210 0.0077263 0.0280510 
flas_f_60413|ITS|MG845194.1 0.0033210 0.0029230 0.0035606 0.0000010 0.0036521 0.0015826 0.0207915 0.0103051 0.0103051 0.0109176 0.0108210 0.0000000 0.0029271 0.0229656 
flas_f_60407|ITS|MG845193.1 0.0000010 0.0000010 0.0000010 0.0000010 0.0000010 0.0000010 0.0178148 0.0073579 0.0073579 0.0077952 0.0077263 0.0029271 0.0000000 0.0196767 
farid_617|ITS|MG817716.1    0.0207746 0.0196461 0.0224971 0.0205190 0.0231646 0.0200700 0.0382899 0.0280510 0.0280510 0.0280510 0.0280510 0.0229656 0.0196767 0.0000000 
