78
Leccinellum_01 0.0000000 0.0000010 0.2660821 0.1483942 0.0000010 0.2352358 0.1927687 0.2991956 0.2808218 0.2771694 0.2789804 0.2742012 0.2731042 0.2770967 0.2220605 0.2220605 0.2657820 0.1507140 0.1780941 0.1640661 0.2991956 0.3405823 0.3329295 0.3329295 0.2910746 0.2808218 0.3223559 0.3246659 0.0000010 0.0047143 0.0034415 0.0000010 0.2398165 0.3324906 0.0032684 0.1575827 0.2452372 0.2075586 0.2129922 0.2186077 0.2485432 0.2550488 0.3264704 0.2178814 0.2730312 0.2246105 0.2684681 0.2626487 0.2769963 0.2246105 0.2699127 0.2660821 0.2378996 0.2386306 0.2254974 0.2683227 0.2275337 0.2179038 0.4095956 0.0000010 0.0000010 0.0034887 0.1801173 0.4351974 0.2240392 0.2685510 0.3246659 0.2559794 0.2551387 0.4376700 0.1876650 0.1987526 0.2416892 0.3603608 0.2694543 0.2563495 0.2685510 0.2618830 
Leccinellum_02 0.0000010 0.0000000 0.2660821 0.1483942 0.0000010 0.2352358 0.1927687 0.2991956 0.2808218 0.2771694 0.2789804 0.2742012 0.2731042 0.2770967 0.2220605 0.2220605 0.2657820 0.1507140 0.1780941 0.1640661 0.2991956 0.3405823 0.3329295 0.3329295 0.2910746 0.2808218 0.3223559 0.3246659 0.0000010 0.0047143 0.0034415 0.0000010 0.2398165 0.3324906 0.0032684 0.1575827 0.2452372 0.2075586 0.2129922 0.2186077 0.2485432 0.2550488 0.3264704 0.2178814 0.2730312 0.2246105 0.2684681 0.2626487 0.2769963 0.2246105 0.2699127 0.2660821 0.2378996 0.2386306 0.2254974 0.2683227 0.2275337 0.2179038 0.4095956 0.0000010 0.0000010 0.0034887 0.1801173 0.4351974 0.2240392 0.2685510 0.3246659 0.2559794 0.2551387 0.4376700 0.1876650 0.1987526 0.2416892 0.3603608 0.2694543 0.2563495 0.2685510 0.2618830 
Leccinellum_03 0.2660821 0.2660821 0.0000000 0.2147562 0.1998101 0.1114025 0.1041569 0.2867127 0.3198959 0.3082449 0.2386817 0.2386817 0.2433276 0.3159395 0.0944267 0.0944267 0.2855722 0.1953871 0.1694548 0.1898310 0.2867127 0.2683685 0.2804482 0.2804482 0.2787156 0.3198959 0.2557669 0.3385131 0.1968642 0.2649729 0.1794102 0.2422697 0.2403365 0.3470060 0.1968358 0.1511161 0.2994838 0.0995539 0.1081583 0.2012547 0.2628862 0.2619638 0.3031550 0.0768745 0.2340746 0.0971655 0.0000024 0.0000022 0.0072707 0.0971655 0.0000021 0.0000021 0.1068454 0.1070801 0.0974864 0.0000022 0.0000021 0.0950234 0.4316987 0.1968642 0.2414548 0.1957281 0.2310846 0.3810702 0.2460000 0.2852744 0.3385131 0.2557487 0.2549101 0.3763537 0.2047576 0.2172437 0.2347196 0.4455056 0.2862756 0.0049666 0.2852744 0.3051182 
Leccinellum_04 0.1483942 0.1483942 0.2147562 0.0000000 0.1545589 0.2150802 0.2054073 0.1416097 0.0000010 0.0109829 0.1382927 0.1276683 0.1270420 0.0000010 0.2196037 0.2196037 0.1332216 0.1777114 0.1288953 0.1392018 0.1416097 0.1375339 0.1375339 0.1375339 0.1416097 0.0000010 0.2668587 0.2285877 0.1545589 0.1423715 0.1445600 0.1483942 0.1330418 0.2285877 0.1545589 0.1182726 0.1745658 0.2054073 0.2054073 0.2238072 0.2156788 0.2156788 0.1571886 0.0882089 0.1323848 0.2114620 0.1898101 0.2106637 0.1868620 0.2114620 0.2147562 0.2106637 0.2114620 0.2114620 0.2126014 0.2106637 0.1967911 0.2054073 0.3077347 0.1545589 0.1483942 0.1616215 0.1332103 0.2143604 0.1382553 0.1745658 0.2285877 0.1382553 0.1382553 0.1745002 0.1113822 0.1113822 0.1232441 0.2797062 0.1745658 0.2147562 0.1745658 0.1811462 
Leccinellum_05 0.0000010 0.0000010 0.1998101 0.1545589 0.0000000 0.1582915 0.1531887 0.1798064 0.2036837 0.1991219 0.1843917 0.1843917 0.1834799 0.1990846 0.1414281 0.1414281 0.1578117 0.1279953 0.1321299 0.1798064 0.1798064 0.1984208 0.2041682 0.2041682 0.1798064 0.2036837 0.2115820 0.2065330 0.0000010 0.0032979 0.0034828 0.0000010 0.1843917 0.2075791 0.0033047 0.1066625 0.1511315 0.1450442 0.1450442 0.1088976 0.2560391 0.2560391 0.0715794 0.0380038 0.1834515 0.1564301 0.1964265 0.1886944 0.2067506 0.1564301 0.1989458 0.1942226 0.1564301 0.1564301 0.1572116 0.1949373 0.1755217 0.1450442 0.2577967 0.0000010 0.0000010 0.0034887 0.1586488 0.3017741 0.1857132 0.1511315 0.2065330 0.1857132 0.1857132 0.3601066 0.0481184 0.0481184 0.1734812 0.2117879 0.1511315 0.1803858 0.1511315 0.1567915 
Leccinellum_06 0.2352358 0.2352358 0.1114025 0.2150802 0.1582915 0.0000000 0.0000023 0.2843050 0.3050415 0.3010466 0.2609270 0.2560471 0.2560471 0.2942931 0.0416812 0.0416812 0.2674059 0.1657062 0.1526306 0.2129502 0.2843050 0.3047007 0.3122142 0.3122142 0.2760069 0.3050415 0.3332403 0.3138179 0.1565625 0.2342475 0.1500703 0.2065933 0.2601704 0.3152079 0.1620897 0.1389504 0.2467027 0.0082641 0.0027147 0.1914598 0.2922451 0.2911499 0.2847184 0.0232953 0.2549199 0.0079632 0.1087075 0.1102740 0.1154722 0.0079632 0.1110630 0.1078608 0.0159854 0.0160127 0.0079868 0.1102740 0.1202260 0.0000023 0.4055635 0.1565625 0.2065933 0.1643185 0.2202997 0.3131375 0.2460022 0.2447759 0.3138179 0.2545521 0.2545521 0.3112969 0.1777561 0.1886844 0.2531264 0.3914405 0.2447759 0.1180976 0.2447759 0.2606214 
Leccinellum_07 0.1927687 0.1927687 0.1041569 0.2054073 0.1531887 0.0000023 0.0000000 0.2764111 0.2928802 0.2889175 0.2529551 0.2480886 0.2480886 0.2823299 0.0355225 0.0355225 0.2596191 0.1561298 0.1410987 0.2053820 0.2764111 0.2825840 0.2902572 0.2902572 0.2682185 0.2928802 0.3100881 0.2909221 0.1515635 0.1920144 0.1442579 0.1927687 0.2441322 0.2921945 0.1569041 0.1359583 0.2315589 0.0026928 0.0000020 0.1847031 0.2859490 0.2859490 0.2537431 0.0141674 0.2469956 0.0052967 0.1017613 0.1029809 0.1084731 0.0052967 0.1041569 0.1009727 0.0132906 0.0133132 0.0053116 0.1029809 0.1076697 0.0000024 0.3576531 0.1515635 0.1927687 0.1588386 0.2086234 0.2976552 0.2357465 0.2369999 0.2909221 0.2357465 0.2357465 0.2952599 0.1590446 0.1687506 0.2391716 0.3514025 0.2369999 0.1106680 0.2369999 0.2462909 
Leccinellum_08 0.2991956 0.2991956 0.2867127 0.1416097 0.1798064 0.2843050 0.2764111 0.0000000 0.1974925 0.1890767 0.1287191 0.1253337 0.1249313 0.1928583 0.2526749 0.2526749 0.0297009 0.1723581 0.1935740 0.0000010 0.0000010 0.2807314 0.2931478 0.2931478 0.0023497 0.1974925 0.3919843 0.3975415 0.1772924 0.3050411 0.1673199 0.2701754 0.1241756 0.4068924 0.1778910 0.1699347 0.1505687 0.2721040 0.2699376 0.2498636 0.2481917 0.2473534 0.4939260 0.2154655 0.1249326 0.2770012 0.2724271 0.2784285 0.2891743 0.2770012 0.2847648 0.2809328 0.3012121 0.3022371 0.2781306 0.2842371 0.2166483 0.2606397 0.4832877 0.1772924 0.2692792 0.1739331 0.0188652 0.3981461 0.2227978 0.1507285 0.3975415 0.2315696 0.2308343 0.4601419 0.1084040 0.1204992 0.1133895 0.4635538 0.1511698 0.2871000 0.1507285 0.1553312 
Leccinellum_09 0.2808218 0.2808218 0.3198959 0.0000010 0.2036837 0.3050415 0.2928802 0.1974925 0.0000000 0.0072441 0.1998302 0.1916206 0.1909326 0.0000010 0.3045580 0.3045580 0.1726677 0.2554037 0.1792811 0.1797233 0.1974925 0.3072968 0.3137133 0.3137133 0.1916954 0.0000010 0.3434313 0.3930005 0.2006935 0.2749026 0.1839162 0.2517943 0.1977296 0.4025609 0.2014278 0.1611311 0.2221471 0.3128274 0.3100973 0.2757538 0.2207214 0.2199988 0.3919064 0.1943788 0.1950709 0.3047126 0.2968394 0.3128861 0.2933497 0.3047126 0.3175862 0.3148829 0.3026747 0.3037396 0.3060357 0.3194262 0.2752117 0.2896355 0.5127312 0.2006935 0.2509428 0.2044539 0.1427429 0.4248438 0.2283206 0.2160757 0.3930005 0.2374156 0.2366316 0.3962864 0.1460467 0.1550516 0.1888600 0.4354471 0.2167649 0.3107147 0.2160757 0.2249209 
Leccinellum_11 0.2771694 0.2771694 0.3082449 0.0109829 0.1991219 0.3010466 0.2889175 0.1890767 0.0072441 0.0000000 0.1870149 0.1789933 0.1783581 0.0048399 0.2920699 0.2920699 0.1611105 0.2392374 0.1759100 0.1697336 0.1890767 0.2949921 0.3020630 0.3020630 0.1834459 0.0072441 0.3309620 0.3811899 0.1961927 0.2712726 0.1792501 0.2482042 0.1846385 0.3905454 0.1969078 0.1533530 0.2128778 0.3086187 0.3059266 0.2693316 0.2253217 0.2245819 0.3919064 0.1943788 0.1824034 0.3007606 0.2968391 0.3011078 0.3059512 0.3007606 0.3060371 0.3033185 0.2988025 0.2998510 0.3020681 0.3074818 0.2627442 0.2856048 0.4979929 0.1961927 0.2473634 0.1996518 0.1309108 0.4413062 0.2230841 0.2071070 0.3811899 0.2321558 0.2313934 0.3889643 0.1460467 0.1550516 0.1760171 0.4376467 0.2077629 0.2988562 0.2071070 0.2153634 
Leccinellum_12 0.2789804 0.2789804 0.2386817 0.1382927 0.1843917 0.2609270 0.2529551 0.1287191 0.1998302 0.1870149 0.0000000 0.0047967 0.0047967 0.1922902 0.2202876 0.2202876 0.1171167 0.1469821 0.2113306 0.1031552 0.1287191 0.2289742 0.2393448 0.2393448 0.1242712 0.1998302 0.3240484 0.3627166 0.1816836 0.2847885 0.1810792 0.2498293 0.0024460 0.3717115 0.1823319 0.1625285 0.1384415 0.2370835 0.2352385 0.2336264 0.2143269 0.2136225 0.3548246 0.1832199 0.0048145 0.2482710 0.2352314 0.2281158 0.2483275 0.2482710 0.2370530 0.2315132 0.2640828 0.2649494 0.2492995 0.2334576 0.1867077 0.2266522 0.4373025 0.1816836 0.2489789 0.1793595 0.1043074 0.3461804 0.1987493 0.1310792 0.3627166 0.2077243 0.2070582 0.4138943 0.0723563 0.0723563 0.0024571 0.4221287 0.1314615 0.2329063 0.1310792 0.1378851 
Leccinellum_13 0.2742012 0.2742012 0.2386817 0.1276683 0.1843917 0.2560471 0.2480886 0.1253337 0.1916206 0.1789933 0.0047967 0.0000000 0.0000010 0.1841562 0.2156242 0.2156242 0.1138372 0.1469821 0.2113306 0.0990764 0.1253337 0.2289742 0.2393448 0.2393448 0.1209388 0.1916206 0.3183882 0.3747377 0.1816836 0.2799556 0.1810792 0.2452440 0.0024460 0.3839418 0.1823319 0.1550103 0.1458166 0.2321805 0.2303838 0.2218613 0.2100463 0.2093571 0.3768065 0.1760464 0.0048145 0.2434970 0.2352314 0.2281158 0.2483275 0.2434970 0.2370530 0.2315132 0.2592606 0.2601052 0.2445034 0.2334576 0.1867077 0.2219147 0.4514327 0.1816836 0.2444107 0.1793595 0.1008041 0.3525858 0.2029281 0.1381811 0.3747377 0.2118976 0.2112171 0.4201788 0.0807475 0.0807475 0.0000010 0.4149782 0.1385857 0.2329063 0.1381811 0.1453932 
Leccinellum_14 0.2731042 0.2731042 0.2433276 0.1270420 0.1834799 0.2560471 0.2480886 0.1249313 0.1909326 0.1783581 0.0047967 0.0000010 0.0000000 0.1834967 0.2156242 0.2156242 0.1134796 0.1511241 0.2105633 0.0986850 0.1249313 0.2279955 0.2383803 0.2383803 0.1205551 0.1909326 0.3238090 0.3747377 0.1807975 0.2788286 0.1801523 0.2442793 0.0024460 0.3839418 0.1814389 0.1544832 0.1453197 0.2321805 0.2303838 0.2276356 0.2092519 0.2085677 0.3768065 0.1760464 0.0048145 0.2434970 0.2398703 0.2327452 0.2530441 0.2434970 0.2416637 0.2360685 0.2592606 0.2601052 0.2445034 0.2381411 0.1915745 0.2219147 0.4514327 0.1807975 0.2434521 0.1784253 0.1004622 0.3509184 0.2021701 0.1377244 0.3747377 0.2111130 0.2104373 0.4265796 0.0804135 0.0804135 0.0000010 0.4129489 0.1381265 0.2376562 0.1377244 0.1448886 
Leccinellum_15 0.2770967 0.2770967 0.3159395 0.0000010 0.1990846 0.2942931 0.2823299 0.1928583 0.0000010 0.0048399 0.1922902 0.1841562 0.1834967 0.0000000 0.3002486 0.3002486 0.1700749 0.2513484 0.1766082 0.1742620 0.1928583 0.3030632 0.3097330 0.3097330 0.1871642 0.0000010 0.3392903 0.3806955 0.1961585 0.2712029 0.1792273 0.2481457 0.1900164 0.3900418 0.1968726 0.1579943 0.2134748 0.3014337 0.2988313 0.2643720 0.2221955 0.2214633 0.3919064 0.1943788 0.1875979 0.2940819 0.3032329 0.3088583 0.3019698 0.2940819 0.3136558 0.3109368 0.2922753 0.2932871 0.2953516 0.3153674 0.2707761 0.2789351 0.4974578 0.1961585 0.2473054 0.1996119 0.1398877 0.4225393 0.2193573 0.2076725 0.3806955 0.2284572 0.2277063 0.3919530 0.1460467 0.1550516 0.1812546 0.4232521 0.2083319 0.3066494 0.2076725 0.2159845 
Leccinellum_16 0.2220605 0.2220605 0.0944267 0.2196037 0.1414281 0.0416812 0.0355225 0.2526749 0.3045580 0.2920699 0.2202876 0.2156242 0.2156242 0.3002486 0.0000000 0.0000010 0.2412305 0.1061642 0.1443152 0.1749837 0.2526749 0.2706200 0.2706200 0.2706200 0.2448656 0.3045580 0.2879452 0.3188146 0.1414281 0.2220605 0.1369079 0.1929986 0.2184412 0.3188146 0.1414281 0.1311966 0.2033643 0.0411490 0.0443598 0.1907036 0.2314104 0.2305514 0.2699976 0.0325810 0.2146990 0.0345003 0.0991424 0.0966101 0.1102009 0.0345003 0.0977262 0.0944432 0.0428962 0.0429776 0.0346072 0.0966101 0.0983665 0.0376186 0.4052538 0.1414281 0.1929986 0.1477388 0.1859954 0.2427409 0.2221756 0.2069774 0.3188146 0.2358163 0.2358163 0.2665846 0.1547686 0.1643501 0.2167469 0.3520639 0.2069774 0.0999700 0.2069774 0.2223565 
Leccinellum_17 0.2220605 0.2220605 0.0944267 0.2196037 0.1414281 0.0416812 0.0355225 0.2526749 0.3045580 0.2920699 0.2202876 0.2156242 0.2156242 0.3002486 0.0000010 0.0000000 0.2412305 0.1061642 0.1443152 0.1749837 0.2526749 0.2706200 0.2706200 0.2706200 0.2448656 0.3045580 0.2879452 0.3188146 0.1414281 0.2220605 0.1369079 0.1929986 0.2184412 0.3188146 0.1414281 0.1311966 0.2033643 0.0411490 0.0443598 0.1907036 0.2314104 0.2305514 0.2699976 0.0325810 0.2146990 0.0345003 0.0991424 0.0966101 0.1102009 0.0345003 0.0977262 0.0944432 0.0428962 0.0429776 0.0346072 0.0966101 0.0983665 0.0376186 0.4052538 0.1414281 0.1929986 0.1477388 0.1859954 0.2427409 0.2221756 0.2069774 0.3188146 0.2358163 0.2358163 0.2665846 0.1547686 0.1643501 0.2167469 0.3520639 0.2069774 0.0999700 0.2069774 0.2223565 
Leccinellum_18 0.2657820 0.2657820 0.2855722 0.1332216 0.1578117 0.2674059 0.2596191 0.0297009 0.1726677 0.1611105 0.1171167 0.1138372 0.1134796 0.1700749 0.2412305 0.2412305 0.0000000 0.1823564 0.1628873 0.0251746 0.0297009 0.2691579 0.2820317 0.2820317 0.0269739 0.1726677 0.3563284 0.3690929 0.1556515 0.2711586 0.1560423 0.2385884 0.1125447 0.3778609 0.1561508 0.1506363 0.1456266 0.2549272 0.2529501 0.2409010 0.2454068 0.2445874 0.4574974 0.1966945 0.1134825 0.2605945 0.2713598 0.2773162 0.2846034 0.2605945 0.2836416 0.2798287 0.2841044 0.2850396 0.2616403 0.2830864 0.2274121 0.2441365 0.4486833 0.1556515 0.2378210 0.1511405 0.0026025 0.3619500 0.2078471 0.1458742 0.3690929 0.2165427 0.2158665 0.4452371 0.1078495 0.1198411 0.1054080 0.4231979 0.1462964 0.2810552 0.1458742 0.1501682 
Leccinellum_19 0.1507140 0.1507140 0.1953871 0.1777114 0.1279953 0.1657062 0.1561298 0.1723581 0.2554037 0.2392374 0.1469821 0.1469821 0.1511241 0.2513484 0.1061642 0.1061642 0.1823564 0.0000000 0.1477662 0.1548803 0.1723581 0.1579150 0.1625530 0.1625530 0.1723581 0.2554037 0.2310767 0.3010950 0.1262820 0.1509698 0.1194579 0.1512298 0.1428680 0.3096421 0.1218878 0.1128973 0.1218995 0.1463123 0.1452527 0.1478020 0.2211978 0.2211978 0.1960924 0.0819809 0.1423153 0.1682114 0.1924183 0.1860680 0.2067127 0.1682114 0.1946758 0.1907069 0.1682114 0.1682114 0.1689068 0.1912943 0.1859252 0.1411739 0.3405553 0.1262820 0.1507140 0.1204325 0.1780682 0.3098846 0.1810575 0.1176679 0.3010950 0.1816865 0.1810575 0.3024922 0.0601211 0.0601211 0.1392644 0.2312046 0.1180482 0.1885501 0.1176679 0.1139675 
Leccinellum_20 0.1780941 0.1780941 0.1694548 0.1288953 0.1321299 0.1526306 0.1410987 0.1935740 0.1792811 0.1759100 0.2113306 0.2113306 0.2105633 0.1766082 0.1443152 0.1443152 0.1628873 0.1477662 0.0000000 0.1214457 0.1935740 0.2445211 0.2582839 0.2582839 0.1879352 0.1792811 0.2850274 0.3003400 0.1303627 0.1736698 0.1336647 0.1605797 0.1991360 0.3077239 0.1307570 0.0817689 0.1799552 0.1561014 0.1551019 0.1587073 0.2383190 0.2427995 0.2797303 0.0939969 0.2080019 0.1458263 0.1619822 0.1650432 0.1684869 0.1458263 0.1727707 0.1651260 0.1656016 0.1656016 0.1463379 0.1693574 0.1651107 0.1449527 0.4039170 0.1303627 0.1600936 0.1245863 0.1030532 0.2977373 0.1763568 0.1883557 0.3003400 0.1848252 0.1842669 0.3329323 0.1392196 0.1478404 0.2054437 0.2992044 0.1889297 0.1633681 0.1883557 0.1995203 
Leccinellum_21 0.1640661 0.1640661 0.1898310 0.1392018 0.1798064 0.2129502 0.2053820 0.0000010 0.1797233 0.1697336 0.1031552 0.0990764 0.0986850 0.1742620 0.1749837 0.1749837 0.0251746 0.1548803 0.1214457 0.0000000 0.0000010 0.1186949 0.1396651 0.1396651 0.0000010 0.1797233 0.2764418 0.2251905 0.1780161 0.1640661 0.1680373 0.1640661 0.0990764 0.2262303 0.1786200 0.1102230 0.1222824 0.1943718 0.1943718 0.1552118 0.2487499 0.2487499 0.1298807 0.0637675 0.0986921 0.2134138 0.1756107 0.1798405 0.1923995 0.2134138 0.1890852 0.1848119 0.2134138 0.2134138 0.2144335 0.1854217 0.1730036 0.1943718 0.2712506 0.1780161 0.1640661 0.1739331 0.0220038 0.2578841 0.1356415 0.1222824 0.2251905 0.1356415 0.1356415 0.3835756 0.0582898 0.0582898 0.0870861 0.2625574 0.1222824 0.1874596 0.1222824 0.1226378 
Leccinellum_22 0.2991956 0.2991956 0.2867127 0.1416097 0.1798064 0.2843050 0.2764111 0.0000010 0.1974925 0.1890767 0.1287191 0.1253337 0.1249313 0.1928583 0.2526749 0.2526749 0.0297009 0.1723581 0.1935740 0.0000010 0.0000000 0.2807314 0.2931478 0.2931478 0.0023497 0.1974925 0.3919843 0.3975415 0.1772924 0.3050411 0.1673199 0.2701754 0.1241756 0.4068924 0.1778910 0.1699347 0.1505687 0.2721040 0.2699376 0.2498636 0.2481917 0.2473534 0.4939260 0.2154655 0.1249326 0.2770012 0.2724271 0.2784285 0.2891743 0.2770012 0.2847648 0.2809328 0.3012121 0.3022371 0.2781306 0.2842371 0.2166483 0.2606397 0.4832877 0.1772924 0.2692792 0.1739331 0.0188652 0.3981461 0.2227978 0.1507285 0.3975415 0.2315696 0.2308343 0.4601419 0.1084040 0.1204992 0.1133895 0.4635538 0.1511698 0.2871000 0.1507285 0.1553312 
Leccinellum_23 0.3405823 0.3405823 0.2683685 0.1375339 0.1984208 0.3047007 0.2825840 0.2807314 0.3072968 0.2949921 0.2289742 0.2289742 0.2279955 0.3030632 0.2706200 0.2706200 0.2691579 0.1579150 0.2445211 0.1186949 0.2807314 0.0000000 0.0000010 0.0000010 0.2722181 0.3072968 0.3440994 0.3574485 0.1984208 0.3431331 0.1942760 0.3038650 0.2243556 0.3574485 0.2052244 0.2248421 0.3101086 0.2931729 0.2906046 0.2820602 0.3718700 0.3703057 0.3846925 0.2633493 0.2250575 0.2780001 0.2655399 0.2380040 0.2817557 0.2780001 0.2673434 0.2568120 0.3216765 0.3216765 0.2792416 0.2431253 0.1700125 0.2706768 0.4876777 0.1984208 0.3038650 0.2054054 0.1558450 0.3206559 0.2651125 0.2929303 0.3574485 0.2738333 0.2738333 0.4152955 0.2305521 0.2446523 0.2204410 0.4634938 0.2929303 0.2577301 0.2929303 0.3074757 
Leccinellum_24 0.3329295 0.3329295 0.2804482 0.1375339 0.2041682 0.3122142 0.2902572 0.2931478 0.3137133 0.3020630 0.2393448 0.2393448 0.2383803 0.3097330 0.2706200 0.2706200 0.2820317 0.1625530 0.2582839 0.1396651 0.2931478 0.0000010 0.0000000 0.0000010 0.2848866 0.3137133 0.3541706 0.3478831 0.2011643 0.3353345 0.1975131 0.3000415 0.2351338 0.3566131 0.2074490 0.2338362 0.3152115 0.2931729 0.2906046 0.2820602 0.3605604 0.3591583 0.3846925 0.2633493 0.2356564 0.2845687 0.2818494 0.2552086 0.2974693 0.2845687 0.2834398 0.2732813 0.3277135 0.3277135 0.2858129 0.2610245 0.1883580 0.2706768 0.4714416 0.2011643 0.2989472 0.2004356 0.1733214 0.3954010 0.2732879 0.2989072 0.3478831 0.2823962 0.2814366 0.4972952 0.2305521 0.2446523 0.2314463 0.4569369 0.2999849 0.2697959 0.2989072 0.3079109 
Leccinellum_25 0.3329295 0.3329295 0.2804482 0.1375339 0.2041682 0.3122142 0.2902572 0.2931478 0.3137133 0.3020630 0.2393448 0.2393448 0.2383803 0.3097330 0.2706200 0.2706200 0.2820317 0.1625530 0.2582839 0.1396651 0.2931478 0.0000010 0.0000010 0.0000000 0.2848866 0.3137133 0.3541706 0.3478831 0.2011643 0.3353345 0.1975131 0.3000415 0.2351338 0.3566131 0.2074490 0.2338362 0.3152115 0.2931729 0.2906046 0.2820602 0.3605604 0.3591583 0.3846925 0.2633493 0.2356564 0.2845687 0.2818494 0.2552086 0.2974693 0.2845687 0.2834398 0.2732813 0.3277135 0.3277135 0.2858129 0.2610245 0.1883580 0.2706768 0.4714416 0.2011643 0.2989472 0.2004356 0.1733214 0.3954010 0.2732879 0.2989072 0.3478831 0.2823962 0.2814366 0.4972952 0.2305521 0.2446523 0.2314463 0.4569369 0.2999849 0.2697959 0.2989072 0.3079109 
Leccinellum_26 0.2910746 0.2910746 0.2787156 0.1416097 0.1798064 0.2760069 0.2682185 0.0023497 0.1916954 0.1834459 0.1242712 0.1209388 0.1205551 0.1871642 0.2448656 0.2448656 0.0269739 0.1723581 0.1879352 0.0000010 0.0023497 0.2722181 0.2848866 0.2848866 0.0000000 0.1916954 0.3811122 0.3865540 0.1772924 0.2967705 0.1673199 0.2626657 0.1197335 0.3956319 0.1778910 0.1648293 0.1456200 0.2637544 0.2616955 0.2406590 0.2409207 0.2401176 0.4694850 0.2040152 0.1205573 0.2689932 0.2647253 0.2704623 0.2810730 0.2689932 0.2768470 0.2730759 0.2926984 0.2936718 0.2700742 0.2761196 0.2166483 0.2526964 0.4694986 0.1772924 0.2618058 0.1739331 0.0188652 0.3864523 0.2163017 0.1458678 0.3865540 0.2249960 0.2242903 0.4473295 0.1027735 0.1144680 0.1091414 0.4499687 0.1462901 0.2788517 0.1458678 0.1501630 
Leccinellum_27 0.2808218 0.2808218 0.3198959 0.0000010 0.2036837 0.3050415 0.2928802 0.1974925 0.0000010 0.0072441 0.1998302 0.1916206 0.1909326 0.0000010 0.3045580 0.3045580 0.1726677 0.2554037 0.1792811 0.1797233 0.1974925 0.3072968 0.3137133 0.3137133 0.1916954 0.0000000 0.3434313 0.3930005 0.2006935 0.2749026 0.1839162 0.2517943 0.1977296 0.4025609 0.2014278 0.1611311 0.2221471 0.3128274 0.3100973 0.2757538 0.2207214 0.2199988 0.3919064 0.1943788 0.1950709 0.3047126 0.2968394 0.3128861 0.2933497 0.3047126 0.3175862 0.3148829 0.3026747 0.3037396 0.3060357 0.3194262 0.2752117 0.2896355 0.5127312 0.2006935 0.2509428 0.2044539 0.1427429 0.4248438 0.2283206 0.2160757 0.3930005 0.2374156 0.2366316 0.3962864 0.1460467 0.1550516 0.1888600 0.4354471 0.2167649 0.3107147 0.2160757 0.2249209 
Leccinellum_29 0.3223559 0.3223559 0.2557669 0.2668587 0.2115820 0.3332403 0.3100881 0.3919843 0.3434313 0.3309620 0.3240484 0.3183882 0.3238090 0.3392903 0.2879452 0.2879452 0.3563284 0.2310767 0.2850274 0.2764418 0.3919843 0.3440994 0.3541706 0.3541706 0.3811122 0.3434313 0.0000000 0.4841169 0.2093412 0.3195689 0.2122949 0.2920921 0.3032921 0.4864892 0.2037097 0.2497831 0.2687186 0.3126508 0.3100298 0.1859947 0.2590924 0.2581659 0.4579194 0.2824422 0.3225551 0.3150728 0.2476497 0.2529827 0.2614629 0.3150728 0.2540636 0.2559033 0.3438379 0.3438379 0.3164284 0.2519844 0.2239220 0.3196492 0.6060028 0.2093412 0.2920921 0.1982238 0.2623527 0.5034246 0.2699969 0.2766363 0.4841169 0.2957625 0.2957625 0.4088729 0.1988360 0.2103826 0.2916483 0.4250703 0.2766363 0.2502513 0.2766363 0.2654034 
Leccinellum_30 0.3246659 0.3246659 0.3385131 0.2285877 0.2065330 0.3138179 0.2909221 0.3975415 0.3930005 0.3811899 0.3627166 0.3747377 0.3747377 0.3806955 0.3188146 0.3188146 0.3690929 0.3010950 0.3003400 0.2251905 0.3975415 0.3574485 0.3478831 0.3478831 0.3865540 0.3930005 0.4841169 0.0000000 0.2034672 0.3232460 0.2049322 0.2932571 0.3772561 0.0023979 0.2098326 0.2500014 0.3693478 0.3029787 0.3003559 0.3283087 0.3494071 0.3480901 0.0043486 0.3036209 0.3630179 0.3100990 0.3385295 0.2986015 0.3483272 0.3100990 0.3470102 0.3371391 0.3262785 0.3274975 0.3046671 0.3049495 0.2837082 0.2897535 0.0491871 0.2034672 0.2922283 0.2084725 0.2649123 0.2502037 0.3816165 0.3555389 0.0000010 0.3969831 0.3954616 0.5800791 0.3422967 0.3341480 0.3754783 0.3059052 0.3568855 0.3026403 0.3555389 0.3898210 
Leccinellum_31 0.0000010 0.0000010 0.1968642 0.1545589 0.0000010 0.1565625 0.1515635 0.1772924 0.2006935 0.1961927 0.1816836 0.1816836 0.1807975 0.1961585 0.1414281 0.1414281 0.1556515 0.1262820 0.1303627 0.1780161 0.1772924 0.1984208 0.2011643 0.2011643 0.1772924 0.2006935 0.2093412 0.2034672 0.0000000 0.0032618 0.0034415 0.0000010 0.1816836 0.2110601 0.0032684 0.1052883 0.1490933 0.1450442 0.1450442 0.1088976 0.2521827 0.2521827 0.0715794 0.0380038 0.1807713 0.1541195 0.1935103 0.1859306 0.2036751 0.1541195 0.1960238 0.1913685 0.1541195 0.1541195 0.1548794 0.1920607 0.1729301 0.1450442 0.2577967 0.0000010 0.0000010 0.0034887 0.1564656 0.3130151 0.1831009 0.1490933 0.2034672 0.1838528 0.1831009 0.3637877 0.0481184 0.0481184 0.1709529 0.2117879 0.1496809 0.1777186 0.1490933 0.1567915 
Leccinellum_32 0.0047143 0.0047143 0.2649729 0.1423715 0.0032979 0.2342475 0.1920144 0.3050411 0.2749026 0.2712726 0.2847885 0.2799556 0.2788286 0.2712029 0.2220605 0.2220605 0.2711586 0.1509698 0.1736698 0.1640661 0.3050411 0.3431331 0.3353345 0.3353345 0.2967705 0.2749026 0.3195689 0.3232460 0.0032618 0.0000000 0.0000028 0.0048104 0.2451547 0.3310252 0.0000028 0.1534056 0.2457875 0.2066951 0.2120978 0.2119129 0.2491011 0.2556353 0.3143687 0.2087421 0.2787524 0.2236933 0.2673398 0.2615368 0.2758289 0.2236933 0.2687873 0.2649729 0.2369167 0.2376408 0.2245728 0.2671784 0.2264677 0.2169831 0.4076486 0.0032618 0.0047991 0.0070070 0.1848285 0.4238838 0.2265596 0.2691918 0.3232460 0.2584137 0.2575696 0.4292712 0.1938403 0.2052502 0.2470795 0.3662109 0.2701003 0.2552561 0.2691918 0.2625203 
Leccinellum_33 0.0034415 0.0034415 0.1794102 0.1445600 0.0034828 0.1500703 0.1442579 0.1673199 0.1839162 0.1792501 0.1810792 0.1810792 0.1801523 0.1792273 0.1369079 0.1369079 0.1560423 0.1194579 0.1336647 0.1680373 0.1673199 0.1942760 0.1975131 0.1975131 0.1673199 0.1839162 0.2122949 0.2049322 0.0034415 0.0000028 0.0000000 0.0034542 0.1810792 0.2129597 0.0000029 0.1122484 0.1432800 0.1370041 0.1370041 0.1088976 0.2373991 0.2373991 0.0715794 0.0380038 0.1736315 0.1470293 0.1758380 0.1683000 0.1862471 0.1470293 0.1786157 0.1738244 0.1470293 0.1470293 0.1477876 0.1744614 0.1548049 0.1370041 0.2627005 0.0034415 0.0034415 0.0074241 0.1560484 0.3157969 0.1725641 0.1432800 0.2049322 0.1733047 0.1725641 0.2841745 0.0481184 0.0481184 0.1698268 0.2280370 0.1438736 0.1710025 0.1432800 0.1510608 
Leccinellum_35 0.0000010 0.0000010 0.2422697 0.1483942 0.0000010 0.2065933 0.1927687 0.2701754 0.2517943 0.2482042 0.2498293 0.2452440 0.2442793 0.2481457 0.1929986 0.1929986 0.2385884 0.1512298 0.1605797 0.1640661 0.2701754 0.3038650 0.3000415 0.3000415 0.2626657 0.2517943 0.2920921 0.2932571 0.0000010 0.0048104 0.0034542 0.0000000 0.2406324 0.2944611 0.0032791 0.1357216 0.2460521 0.1968824 0.2021504 0.2186077 0.2321768 0.2321768 0.2670366 0.1712114 0.2442226 0.1976360 0.2398189 0.2339318 0.2480627 0.1976360 0.2414544 0.2377192 0.2103740 0.2109884 0.1984007 0.2392657 0.2284245 0.1894608 0.3733948 0.0000010 0.0000010 0.0034887 0.1807160 0.3948495 0.2247658 0.2406370 0.2932571 0.2247658 0.2247658 0.3989697 0.1876650 0.1987526 0.2314367 0.3440078 0.2406370 0.2275677 0.2406370 0.2503182 
Leccinellum_36 0.2398165 0.2398165 0.2403365 0.1330418 0.1843917 0.2601704 0.2441322 0.1241756 0.1977296 0.1846385 0.0024460 0.0024460 0.0024460 0.1900164 0.2184412 0.2184412 0.1125447 0.1428680 0.1991360 0.0990764 0.1241756 0.2243556 0.2351338 0.2351338 0.1197335 0.1977296 0.3032921 0.3772561 0.1816836 0.2451547 0.1810792 0.2406324 0.0000000 0.3867500 0.1823319 0.1592076 0.1426084 0.2298463 0.2280572 0.2198245 0.2147041 0.2147041 0.3816436 0.1786154 0.0024551 0.2511920 0.2376477 0.2303585 0.2510951 0.2511920 0.2394967 0.2337979 0.2634225 0.2643097 0.2522601 0.2358553 0.1867077 0.2249600 0.4340268 0.1816836 0.2398165 0.1793595 0.1008041 0.3529701 0.1931031 0.1385152 0.3772561 0.1937265 0.1931031 0.4306569 0.0768620 0.0768620 0.0000010 0.4116263 0.1389309 0.2353256 0.1385152 0.1392850 
Leccinellum_37 0.3324906 0.3324906 0.3470060 0.2285877 0.2075791 0.3152079 0.2921945 0.4068924 0.4025609 0.3905454 0.3717115 0.3839418 0.3839418 0.3900418 0.3188146 0.3188146 0.3778609 0.3096421 0.3077239 0.2262303 0.4068924 0.3574485 0.3566131 0.3566131 0.3956319 0.4025609 0.4864892 0.0023979 0.2110601 0.3310252 0.2129597 0.2944611 0.3867500 0.0000000 0.2175799 0.2564850 0.3784928 0.3029787 0.3003559 0.3283087 0.3580327 0.3566695 0.0043486 0.3036209 0.3720274 0.3181689 0.3470280 0.3063167 0.3569597 0.3181689 0.3555982 0.3455879 0.3346012 0.3358730 0.3126440 0.3127963 0.2924667 0.2897535 0.0491871 0.2110601 0.2995152 0.2084725 0.2722453 0.2568563 0.3908874 0.3642196 0.0023979 0.3987589 0.4048069 0.5937732 0.3422967 0.3341480 0.3849249 0.3059052 0.3584611 0.3105226 0.3642196 0.3898210 
Leccinellum_38 0.0032684 0.0032684 0.1968358 0.1545589 0.0033047 0.1620897 0.1569041 0.1778910 0.2014278 0.1969078 0.1823319 0.1823319 0.1814389 0.1968726 0.1414281 0.1414281 0.1561508 0.1218878 0.1307570 0.1786200 0.1778910 0.2052244 0.2074490 0.2074490 0.1778910 0.2014278 0.2037097 0.2098326 0.0032684 0.0000028 0.0000029 0.0032791 0.1823319 0.2175799 0.0000000 0.1055840 0.1446080 0.1506413 0.1506413 0.1088976 0.2401037 0.2401037 0.0715794 0.0380038 0.1814117 0.1594052 0.1934842 0.1913441 0.2036417 0.1594052 0.1959962 0.1913441 0.1594052 0.1594052 0.1601934 0.1920358 0.1729183 0.1506413 0.2654248 0.0032684 0.0032684 0.0070226 0.1569708 0.3054987 0.1889348 0.1446080 0.2098326 0.1897156 0.1889348 0.3557668 0.0481184 0.0481184 0.1715491 0.2186432 0.1451780 0.1831395 0.1446080 0.1520682 
Leccinellum_39 0.1575827 0.1575827 0.1511161 0.1182726 0.1066625 0.1389504 0.1359583 0.1699347 0.1611311 0.1533530 0.1625285 0.1550103 0.1544832 0.1579943 0.1311966 0.1311966 0.1506363 0.1128973 0.0817689 0.1102230 0.1699347 0.2248421 0.2338362 0.2338362 0.1648293 0.1611311 0.2497831 0.2500014 0.1052883 0.1534056 0.1122484 0.1357216 0.1592076 0.2564850 0.1055840 0.0000000 0.1627656 0.1417028 0.1408299 0.1664576 0.2263298 0.2255951 0.2431819 0.0760056 0.1582770 0.1326608 0.1486270 0.1429633 0.1596815 0.1326608 0.1502204 0.1434569 0.1542880 0.1542880 0.1331147 0.1469735 0.1546687 0.1312451 0.3334730 0.1052883 0.1353237 0.0993238 0.1103769 0.2439287 0.1628777 0.1627011 0.2500014 0.1713377 0.1708286 0.2870382 0.1091521 0.1164808 0.1512421 0.2751558 0.1631833 0.1406839 0.1627011 0.1720305 
Leccinellum_40 0.2452372 0.2452372 0.2994838 0.1745658 0.1511315 0.2467027 0.2315589 0.1505687 0.2221471 0.2128778 0.1384415 0.1458166 0.1453197 0.2134748 0.2033643 0.2033643 0.1456266 0.1218995 0.1799552 0.1222824 0.1505687 0.3101086 0.3152115 0.3152115 0.1456200 0.2221471 0.2687186 0.3693478 0.1490933 0.2457875 0.1432800 0.2460521 0.1426084 0.3784928 0.1446080 0.1627656 0.0000000 0.2337533 0.2319603 0.2262919 0.2223329 0.2223329 0.4457990 0.2082775 0.1416940 0.2354370 0.2915731 0.2919542 0.3071476 0.2354370 0.2984084 0.2943401 0.2635046 0.2564569 0.2363944 0.2982330 0.2477176 0.2289312 0.4393769 0.1490933 0.2452372 0.1499695 0.1231499 0.4158865 0.1834926 0.0023816 0.3693478 0.1840689 0.1834926 0.3882452 0.0099647 0.0099647 0.1353945 0.3202203 0.0023872 0.3017546 0.0023816 0.0074028 
Leccinellum_41 0.2075586 0.2075586 0.0995539 0.2054073 0.1450442 0.0082641 0.0026928 0.2721040 0.3128274 0.3086187 0.2370835 0.2321805 0.2321805 0.3014337 0.0411490 0.0411490 0.2549272 0.1463123 0.1561014 0.1943718 0.2721040 0.2931729 0.2931729 0.2931729 0.2637544 0.3128274 0.3126508 0.3029787 0.1450442 0.2066951 0.1370041 0.1968824 0.2298463 0.3029787 0.1506413 0.1417028 0.2337533 0.0000000 0.0053435 0.1908516 0.2856357 0.2845234 0.2826010 0.0090572 0.2311411 0.0053969 0.0967806 0.0981843 0.1035700 0.0053969 0.0992465 0.0960200 0.0135411 0.0135644 0.0054126 0.0981843 0.0986287 0.0000020 0.3678689 0.1450442 0.1968824 0.1513420 0.2055727 0.2846325 0.2353996 0.2377005 0.3029787 0.2393225 0.2393225 0.2914666 0.1719144 0.1823145 0.2231755 0.3564483 0.2377005 0.1089133 0.2377005 0.2383777 
Leccinellum_42 0.2129922 0.2129922 0.1081583 0.2054073 0.1450442 0.0027147 0.0000020 0.2699376 0.3100973 0.3059266 0.2352385 0.2303838 0.2303838 0.2988313 0.0443598 0.0443598 0.2529501 0.1452527 0.1551019 0.1943718 0.2699376 0.2906046 0.2906046 0.2906046 0.2616955 0.3100973 0.3100298 0.3003559 0.1450442 0.2120978 0.1370041 0.2021504 0.2280572 0.3003559 0.1506413 0.1408299 0.2319603 0.0053435 0.0000000 0.1892623 0.2832082 0.2821150 0.2786453 0.0186332 0.2293618 0.0109760 0.1053664 0.1069304 0.1123271 0.0109760 0.1078184 0.1045215 0.0192796 0.0193138 0.0110075 0.1069304 0.1088137 0.0000020 0.3643535 0.1450442 0.2021504 0.1513420 0.2039635 0.2821394 0.2411466 0.2358719 0.3003559 0.2451018 0.2451018 0.2890402 0.1704662 0.1807141 0.2214645 0.3531010 0.2358719 0.1179579 0.2358719 0.2365376 
Leccinellum_43 0.2186077 0.2186077 0.2012547 0.2238072 0.1088976 0.1914598 0.1847031 0.2498636 0.2757538 0.2693316 0.2336264 0.2218613 0.2276356 0.2643720 0.1907036 0.1907036 0.2409010 0.1478020 0.1587073 0.1552118 0.2498636 0.2820602 0.2820602 0.2820602 0.2406590 0.2757538 0.1859947 0.3283087 0.1088976 0.2119129 0.1088976 0.2186077 0.2198245 0.3283087 0.1088976 0.1664576 0.2262919 0.1908516 0.1892623 0.0000000 0.1373672 0.1373672 0.3814674 0.1737695 0.2220926 0.1750125 0.2033144 0.1909734 0.2142764 0.1750125 0.2012547 0.1906029 0.1979416 0.1925948 0.1758346 0.1909734 0.1712275 0.1847031 0.3859827 0.1088976 0.2186077 0.1088976 0.1771120 0.2779388 0.1898153 0.2329676 0.3283087 0.1898153 0.1898153 0.2001006 0.2086325 0.2207996 0.2106739 0.3050714 0.2329676 0.2019192 0.2329676 0.2398837 
Leccinellum_44 0.2485432 0.2485432 0.2628862 0.2156788 0.2560391 0.2922451 0.2859490 0.2481917 0.2207214 0.2253217 0.2143269 0.2100463 0.2092519 0.2221955 0.2314104 0.2314104 0.2454068 0.2211978 0.2383190 0.2487499 0.2481917 0.3718700 0.3605604 0.3605604 0.2409207 0.2207214 0.2590924 0.3494071 0.2521827 0.2491011 0.2373991 0.2321768 0.2147041 0.3580327 0.2401037 0.2263298 0.2223329 0.2856357 0.2832082 0.1373672 0.0000000 0.0000010 0.2415065 0.1261257 0.2092167 0.2925261 0.2531616 0.2721222 0.2560309 0.2925261 0.2667593 0.2688004 0.2925261 0.2925261 0.2937805 0.2718940 0.2735533 0.2717564 0.4016479 0.2521827 0.2314181 0.2411898 0.2511187 0.3614583 0.2551021 0.2125301 0.3494071 0.2606307 0.2597228 0.4105930 0.1196684 0.1260353 0.2052143 0.3913476 0.2132173 0.2696761 0.2125301 0.2207166 
Leccinellum_45 0.2550488 0.2550488 0.2619638 0.2156788 0.2560391 0.2911499 0.2859490 0.2473534 0.2199988 0.2245819 0.2136225 0.2093571 0.2085677 0.2214633 0.2305514 0.2305514 0.2445874 0.2211978 0.2427995 0.2487499 0.2473534 0.3703057 0.3591583 0.3591583 0.2401176 0.2199988 0.2581659 0.3480901 0.2521827 0.2556353 0.2373991 0.2321768 0.2147041 0.3566695 0.2401037 0.2255951 0.2223329 0.2845234 0.2821150 0.1373672 0.0000010 0.0000000 0.2398589 0.1254093 0.2085327 0.2914546 0.2522777 0.2711363 0.2551409 0.2914546 0.2658243 0.2678520 0.2914546 0.2914546 0.2927006 0.2709087 0.2735533 0.2707299 0.3999912 0.2521827 0.2314181 0.2411898 0.2511187 0.3599284 0.2551021 0.2118471 0.3480901 0.2654684 0.2645415 0.4088926 0.1196684 0.1260353 0.2045330 0.3913476 0.2125301 0.2686908 0.2118471 0.2199709 
Leccinellum_46 0.3264704 0.3264704 0.3031550 0.1571886 0.0715794 0.2847184 0.2537431 0.4939260 0.3919064 0.3919064 0.3548246 0.3768065 0.3768065 0.3919064 0.2699976 0.2699976 0.4574974 0.1960924 0.2797303 0.1298807 0.4939260 0.3846925 0.3846925 0.3846925 0.4694850 0.3919064 0.4579194 0.0043486 0.0715794 0.3143687 0.0715794 0.2670366 0.3816436 0.0043486 0.0715794 0.2431819 0.4457990 0.2826010 0.2786453 0.3814674 0.2415065 0.2398589 0.0000000 0.2945719 0.3661015 0.2535528 0.3108016 0.2539051 0.3108016 0.2535528 0.3108016 0.3108016 0.2798809 0.2815794 0.2448592 0.2539051 0.2338670 0.2622827 0.0768965 0.0715794 0.2670366 0.0715794 0.2517969 0.1464012 0.3409326 0.4134223 0.0043486 0.3668002 0.3668002 0.2982256 0.4672680 0.4533679 0.3938641 0.2656379 0.4134223 0.2539051 0.4134223 0.4633718 
Leccinellum_47 0.2178814 0.2178814 0.0768745 0.0882089 0.0380038 0.0232953 0.0141674 0.2154655 0.1943788 0.1943788 0.1832199 0.1760464 0.1760464 0.1943788 0.0325810 0.0325810 0.1966945 0.0819809 0.0939969 0.0637675 0.2154655 0.2633493 0.2633493 0.2633493 0.2040152 0.1943788 0.2824422 0.3036209 0.0380038 0.2087421 0.0380038 0.1712114 0.1786154 0.3036209 0.0380038 0.0760056 0.2082775 0.0090572 0.0186332 0.1737695 0.1261257 0.1254093 0.2945719 0.0000000 0.1760464 0.0135740 0.0764940 0.0792674 0.0764940 0.0135740 0.0764940 0.0764940 0.0324114 0.0273886 0.0136410 0.0792674 0.0766064 0.0089390 0.4348717 0.0380038 0.1712114 0.0380038 0.1276060 0.2588791 0.1537054 0.2064929 0.3036209 0.1683700 0.1683700 0.1434172 0.2222115 0.2404611 0.1778657 0.2842898 0.2064929 0.0792674 0.2064929 0.2156907 
Leccinellum_48 0.2730312 0.2730312 0.2340746 0.1323848 0.1834515 0.2549199 0.2469956 0.1249326 0.1950709 0.1824034 0.0048145 0.0048145 0.0048145 0.1875979 0.2146990 0.2146990 0.1134825 0.1423153 0.2080019 0.0986921 0.1249326 0.2250575 0.2356564 0.2356564 0.1205573 0.1950709 0.3225551 0.3630179 0.1807713 0.2787524 0.1736315 0.2442226 0.0024551 0.3720274 0.1814117 0.1582770 0.1416940 0.2311411 0.2293618 0.2220926 0.2092167 0.2085327 0.3661015 0.1760464 0.0000000 0.2424412 0.2306320 0.2300108 0.2436503 0.2424412 0.2324813 0.2334008 0.2581349 0.2589711 0.2434388 0.2354124 0.1883881 0.2209503 0.4377654 0.1807713 0.2433960 0.1783991 0.1004685 0.3508051 0.1979806 0.1342324 0.3630179 0.2069237 0.2062627 0.4158378 0.0765763 0.0765763 0.0024627 0.4028981 0.1346235 0.2281982 0.1342324 0.1411976 
Leccinellum_49 0.2246105 0.2246105 0.0971655 0.2114620 0.1564301 0.0079632 0.0052967 0.2770012 0.3047126 0.3007606 0.2482710 0.2434970 0.2434970 0.2940819 0.0345003 0.0345003 0.2605945 0.1682114 0.1458263 0.2134138 0.2770012 0.2780001 0.2845687 0.2845687 0.2689932 0.3047126 0.3150728 0.3100990 0.1541195 0.2236933 0.1470293 0.1976360 0.2511920 0.3181689 0.1594052 0.1326608 0.2354370 0.0053969 0.0109760 0.1750125 0.2925261 0.2914546 0.2535528 0.0135740 0.2424412 0.0000000 0.0945317 0.0958272 0.1009477 0.0000010 0.0968812 0.0938282 0.0025139 0.0000022 0.0000022 0.0958272 0.1091791 0.0026667 0.4002197 0.1541195 0.1969761 0.1621499 0.2269388 0.3011813 0.2251460 0.2337975 0.3100990 0.2342474 0.2334746 0.2959794 0.1464391 0.1557721 0.2443490 0.3799904 0.2346017 0.1031384 0.2337975 0.2546171 
Leccinellum_50 0.2684681 0.2684681 0.0000024 0.1898101 0.1964265 0.1087075 0.1017613 0.2724271 0.2968394 0.2968391 0.2352314 0.2352314 0.2398703 0.3032329 0.0991424 0.0991424 0.2713598 0.1924183 0.1619822 0.1756107 0.2724271 0.2655399 0.2818494 0.2818494 0.2647253 0.2968394 0.2476497 0.3385295 0.1935103 0.2673398 0.1758380 0.2398189 0.2376477 0.3470280 0.1934842 0.1486270 0.2915731 0.0967806 0.1053664 0.2033144 0.2531616 0.2522777 0.3108016 0.0764940 0.2306320 0.0945317 0.0000000 0.0000025 0.0000027 0.0945317 0.0000021 0.0000021 0.1042380 0.1044675 0.0948449 0.0000022 0.0000027 0.0922674 0.4337622 0.1935103 0.2390079 0.1930214 0.2175649 0.3913535 0.2343968 0.2766468 0.3385295 0.2433737 0.2425776 0.3736350 0.2047576 0.2172437 0.2312164 0.4199642 0.2776172 0.0049970 0.2766468 0.2958643 
Leccinellum_51 0.2626487 0.2626487 0.0000022 0.2106637 0.1886944 0.1102740 0.1029809 0.2784285 0.3128861 0.3011078 0.2281158 0.2281158 0.2327452 0.3088583 0.0966101 0.0966101 0.2773162 0.1860680 0.1650432 0.1798405 0.2784285 0.2380040 0.2552086 0.2552086 0.2704623 0.3128861 0.2529827 0.2986015 0.1859306 0.2615368 0.1683000 0.2339318 0.2303585 0.3063167 0.1913441 0.1429633 0.2919542 0.0981843 0.1069304 0.1909734 0.2721222 0.2711363 0.2539051 0.0792674 0.2300108 0.0958272 0.0000025 0.0000000 0.0074133 0.0958272 0.0000022 0.0000022 0.1056776 0.1059144 0.0961491 0.0000022 0.0000021 0.0935859 0.3921161 0.1859306 0.2331339 0.1848863 0.2214931 0.3620903 0.2339058 0.2767792 0.2986015 0.2430152 0.2422088 0.3706608 0.2055917 0.2089121 0.2305934 0.3871192 0.2777653 0.0049676 0.2767792 0.2963281 
Leccinellum_52 0.2769963 0.2769963 0.0072707 0.1868620 0.2067506 0.1154722 0.1084731 0.2891743 0.2933497 0.3059512 0.2483275 0.2483275 0.2530441 0.3019698 0.1102009 0.1102009 0.2846034 0.2067127 0.1684869 0.1923995 0.2891743 0.2817557 0.2974693 0.2974693 0.2810730 0.2933497 0.2614629 0.3483272 0.2036751 0.2758289 0.1862471 0.2480627 0.2510951 0.3569597 0.2036417 0.1596815 0.3071476 0.1035700 0.1123271 0.2142764 0.2560309 0.2551409 0.3108016 0.0764940 0.2436503 0.1009477 0.0000027 0.0074133 0.0000000 0.1009477 0.0072354 0.0072717 0.1107194 0.1109665 0.1012833 0.0074045 0.0086513 0.0989506 0.4453017 0.2036751 0.2472229 0.2039571 0.2310846 0.3894904 0.2478836 0.2915020 0.3483272 0.2568478 0.2560030 0.3917438 0.2047576 0.2172437 0.2444710 0.4295781 0.2925312 0.0125895 0.2915020 0.3119177 
Leccinellum_53 0.2246105 0.2246105 0.0971655 0.2114620 0.1564301 0.0079632 0.0052967 0.2770012 0.3047126 0.3007606 0.2482710 0.2434970 0.2434970 0.2940819 0.0345003 0.0345003 0.2605945 0.1682114 0.1458263 0.2134138 0.2770012 0.2780001 0.2845687 0.2845687 0.2689932 0.3047126 0.3150728 0.3100990 0.1541195 0.2236933 0.1470293 0.1976360 0.2511920 0.3181689 0.1594052 0.1326608 0.2354370 0.0053969 0.0109760 0.1750125 0.2925261 0.2914546 0.2535528 0.0135740 0.2424412 0.0000010 0.0945317 0.0958272 0.1009477 0.0000000 0.0968812 0.0938282 0.0025139 0.0000022 0.0000022 0.0958272 0.1091791 0.0026667 0.4002197 0.1541195 0.1969761 0.1621499 0.2269388 0.3011813 0.2251460 0.2337975 0.3100990 0.2342474 0.2334746 0.2959794 0.1464391 0.1557721 0.2443490 0.3799904 0.2346017 0.1031384 0.2337975 0.2546171 
