102
Pulveroboletus_001 0.0000000 0.4576150 0.4078981 0.6986368 0.0000010 0.4023554 0.3948147 0.4275269 0.4048425 0.3948147 0.4477033 0.4439494 0.4079061 0.0000025 0.4014339 0.4097551 0.3985698 0.4035279 0.3985698 0.4139908 0.5351155 0.6134597 0.6191941 0.6320921 0.6594314 0.6498084 0.5411725 0.4001784 0.0000025 0.0000010 0.4054005 0.4054005 0.4097551 0.3968972 0.2562852 0.4014563 0.5154130 0.5203078 0.4868481 0.3811579 0.6637757 0.6619319 0.4094044 0.4938724 0.4291947 0.4014477 0.4059645 0.3942103 0.3942103 0.3989692 0.4649638 0.4323905 0.2563906 0.4349296 0.4049588 0.5043995 0.4256411 0.4424878 0.4129101 0.3786359 0.5655108 0.4013544 0.7322646 0.4023554 0.4256411 0.4370839 0.4390977 0.4027083 0.2999301 0.2933978 0.4529868 0.4576150 0.4023107 0.3999881 0.3999881 0.3956796 0.3962735 0.4424878 0.4635336 0.4084271 0.4299952 0.4299952 0.4157335 0.3467303 0.3467303 0.3788874 0.3926886 0.4043390 0.4129101 0.4094044 0.5605919 0.4710212 0.4670794 0.4880760 0.3903845 0.2442561 0.6409754 0.5917048 0.3452780 0.3832675 0.4144815 0.3751056 
Pulveroboletus_002 0.4576150 0.0000000 0.1361719 0.5331117 0.4576150 0.1306516 0.1302514 0.1107518 0.1222033 0.1302514 0.0000010 0.0000010 0.1406855 0.4593533 0.1338764 0.1388667 0.1281227 0.1381349 0.1281227 0.1398732 0.4466323 0.4357037 0.4370209 0.4462038 0.4788186 0.4786887 0.3984850 0.1247633 0.4491964 0.4462188 0.1443178 0.1443178 0.1388667 0.1421797 0.0360707 0.1389354 0.1082126 0.3490520 0.3613499 0.3092660 0.5053214 0.4949571 0.1256101 0.3658546 0.0464913 0.1250559 0.1323443 0.1260087 0.1260087 0.1260087 0.2335608 0.0421330 0.0000010 0.0510120 0.1530243 0.2991155 0.0510120 0.0532709 0.1334248 0.1014960 0.1827583 0.1180859 0.1950043 0.1306516 0.0510120 0.0562694 0.0492076 0.1411938 0.1186812 0.1066952 0.0060070 0.0000010 0.1382593 0.1446077 0.1446077 0.1419150 0.1364761 0.0532709 0.1419698 0.1299605 0.1473995 0.1473995 0.2885281 0.1046485 0.1046485 0.1041806 0.1070724 0.1164745 0.1334248 0.1256101 0.4023171 0.2856838 0.2842993 0.2957863 0.1416767 0.1891720 0.7749764 0.3520550 0.1298584 0.0336406 0.0319859 0.0301169 
Pulveroboletus_003 0.4078981 0.1361719 0.0000000 0.5165633 0.4078981 0.0642960 0.0119450 0.0292189 0.0139513 0.0119450 0.1295918 0.1305542 0.0273471 0.4093946 0.0000010 0.0221573 0.0230664 0.0224304 0.0230664 0.0222965 0.3995397 0.4245274 0.4257902 0.4345020 0.4842747 0.4789325 0.4072929 0.0119286 0.4124466 0.4097921 0.0263155 0.0263155 0.0221573 0.0652446 0.0707615 0.0652462 0.1648374 0.3120548 0.3125280 0.2602142 0.4494762 0.4340759 0.0284738 0.3162376 0.1279389 0.0119538 0.0000010 0.0122673 0.0122673 0.0143486 0.2553667 0.1228565 0.0927116 0.1334568 0.0698119 0.2902722 0.1334568 0.1177291 0.0616086 0.0409566 0.0662635 0.0122841 0.0676776 0.0642960 0.1334568 0.1275137 0.1162149 0.0534645 0.0665997 0.0515672 0.1388822 0.1361719 0.0579427 0.0628157 0.0628157 0.0651433 0.0719267 0.1177291 0.0608202 0.0479716 0.0479959 0.0479959 0.2684732 0.0497671 0.0497671 0.0444666 0.0573581 0.0632819 0.0616086 0.0284738 0.4210597 0.3190672 0.2936087 0.3382250 0.0650602 0.1832537 0.6703959 0.4042064 0.0232761 0.1404364 0.1457819 0.1357769 
Pulveroboletus_004 0.6986368 0.5331117 0.5165633 0.0000000 0.6986368 0.4637540 0.4857796 0.4452965 0.4871211 0.4857796 0.5074977 0.5065115 0.5198232 0.7017622 0.5186939 0.5409976 0.5065370 0.5380197 0.5065370 0.5469712 0.5388435 0.6238732 0.6272654 0.6400051 0.6647805 0.6434495 0.5555875 0.4871211 0.6737637 0.6684853 0.5359719 0.5359719 0.5409976 0.5069221 0.3302149 0.5118762 0.5449241 0.5965517 0.6310932 0.5318123 0.8691054 0.8053229 0.4912006 0.6409394 0.4911527 0.4887135 0.5036487 0.4749785 0.4749785 0.4701885 0.5847232 0.4716670 0.3294574 0.4948853 0.5210479 0.3790083 0.4896991 0.4931630 0.4846875 0.3893813 0.5560994 0.4703373 0.7429030 0.4637540 0.4896991 0.4902189 0.4973664 0.4400823 0.3568079 0.3321105 0.5331117 0.5331117 0.4991772 0.5052193 0.5052193 0.5052193 0.4720624 0.4931630 0.4798747 0.4081768 0.4533400 0.4533400 0.4697886 0.4017225 0.4017225 0.3935204 0.3981586 0.4161684 0.4846875 0.4912006 0.4938178 0.4259107 0.4687612 0.4445631 0.5053751 0.2514678 0.6559330 0.4727400 0.4944058 0.4523771 0.5012106 0.4678713 
Pulveroboletus_005 0.0000010 0.4576150 0.4078981 0.6986368 0.0000000 0.4023554 0.3948147 0.4275269 0.4048425 0.3948147 0.4477033 0.4439494 0.4079061 0.0000025 0.4014339 0.4097551 0.3985698 0.4035279 0.3985698 0.4139908 0.5351155 0.6134597 0.6191941 0.6320921 0.6594314 0.6498084 0.5411725 0.4001784 0.0000025 0.0000010 0.4054005 0.4054005 0.4097551 0.3968972 0.2562852 0.4014563 0.5154130 0.5203078 0.4868481 0.3811579 0.6637757 0.6619319 0.4094044 0.4938724 0.4291947 0.4014477 0.4059645 0.3942103 0.3942103 0.3989692 0.4649638 0.4323905 0.2563906 0.4349296 0.4049588 0.5043995 0.4256411 0.4424878 0.4129101 0.3786359 0.5655108 0.4013544 0.7322646 0.4023554 0.4256411 0.4370839 0.4390977 0.4027083 0.2999301 0.2933978 0.4529868 0.4576150 0.4023107 0.3999881 0.3999881 0.3956796 0.3962735 0.4424878 0.4635336 0.4084271 0.4299952 0.4299952 0.4157335 0.3467303 0.3467303 0.3788874 0.3926886 0.4043390 0.4129101 0.4094044 0.5605919 0.4710212 0.4670794 0.4880760 0.3903845 0.2442561 0.6409754 0.5917048 0.3452780 0.3832675 0.4144815 0.3751056 
Pulveroboletus_006 0.4023554 0.1306516 0.0642960 0.4637540 0.4023554 0.0000000 0.0590799 0.0609895 0.0565003 0.0590799 0.1231932 0.1241982 0.0797267 0.4038961 0.0644994 0.0745018 0.0726861 0.0703408 0.0726861 0.0724398 0.3621798 0.4261745 0.4275483 0.4370492 0.4774799 0.4726852 0.4205191 0.0589723 0.4018917 0.3991957 0.0797267 0.0797267 0.0745018 0.0021437 0.0638286 0.0042981 0.1753566 0.3180649 0.2706477 0.2110984 0.3983868 0.4057630 0.0592937 0.2722264 0.1396784 0.0591165 0.0642960 0.0590799 0.0590799 0.0616089 0.2041791 0.1242748 0.0688087 0.1458789 0.0086693 0.2724969 0.1399667 0.1272479 0.0619377 0.0436807 0.0551564 0.0566385 0.0000010 0.0000010 0.1399667 0.1279676 0.1279676 0.0520624 0.0535187 0.0447046 0.1336072 0.1306516 0.0043189 0.0000010 0.0000010 0.0000010 0.0021437 0.1272479 0.0840719 0.0658040 0.0675899 0.0675899 0.2589030 0.0024106 0.0024106 0.0532056 0.0559914 0.0532056 0.0619377 0.0592937 0.4157073 0.2965246 0.2794635 0.2928467 0.0043009 0.1459287 0.7397741 0.3642171 0.0761365 0.1574239 0.1641789 0.1525185 
Pulveroboletus_007 0.3948147 0.1302514 0.0119450 0.4857796 0.3948147 0.0590799 0.0000000 0.0176817 0.0058982 0.0000010 0.1207078 0.1215945 0.0272781 0.3962472 0.0119776 0.0221442 0.0208851 0.0203111 0.0208851 0.0222832 0.3882238 0.4156254 0.4168806 0.4254785 0.5003935 0.4949369 0.3944855 0.0039224 0.4000118 0.3974604 0.0262997 0.0262997 0.0221442 0.0605890 0.0706881 0.0605906 0.1646797 0.3297571 0.3166770 0.2688124 0.4560895 0.4402525 0.0242414 0.3204831 0.1278318 0.0039306 0.0123069 0.0000010 0.0000010 0.0020070 0.2458256 0.1227547 0.0850367 0.1333437 0.0651219 0.2844850 0.1280669 0.1176326 0.0615670 0.0385133 0.0667882 0.0040377 0.0683378 0.0590799 0.1280669 0.1274054 0.1161191 0.0582165 0.0662344 0.0574189 0.1329268 0.1302514 0.0533831 0.0581897 0.0581897 0.0604957 0.0666193 0.1176326 0.0557175 0.0403001 0.0430999 0.0430999 0.2587476 0.0422612 0.0422612 0.0371003 0.0497205 0.0554521 0.0615670 0.0242414 0.4067515 0.3128255 0.2831046 0.3316619 0.0604199 0.1870495 0.6699117 0.3911231 0.0231530 0.1393998 0.1446258 0.1347852 
Pulveroboletus_008 0.4275269 0.1107518 0.0292189 0.4452965 0.4275269 0.0609895 0.0176817 0.0000000 0.0154296 0.0176817 0.1107518 0.1107518 0.0424794 0.4292371 0.0293079 0.0384652 0.0384652 0.0384652 0.0384652 0.0384652 0.3735828 0.4008015 0.4072752 0.4150358 0.4619311 0.4562293 0.4014262 0.0154296 0.4289912 0.4275269 0.0432181 0.0432181 0.0384652 0.0676133 0.0784225 0.0677322 0.1482435 0.3423469 0.3358105 0.3002994 0.4732157 0.4738781 0.0363068 0.3380920 0.1077330 0.0154296 0.0277768 0.0158355 0.0158355 0.0158355 0.2618324 0.1022744 0.0895060 0.1135985 0.0754482 0.2376513 0.1079444 0.0996043 0.0630793 0.0586503 0.0864563 0.0135356 0.1081704 0.0609895 0.1079444 0.1032330 0.0977969 0.0623990 0.0536809 0.0705468 0.1136254 0.1107518 0.0621394 0.0676133 0.0676133 0.0676133 0.0694663 0.0996043 0.0596764 0.0535757 0.0535757 0.0535757 0.2628656 0.0607024 0.0607024 0.0551348 0.0633720 0.0721635 0.0630793 0.0363068 0.3612839 0.2924249 0.2649198 0.3116897 0.0675168 0.2046989 0.7160426 0.3533449 0.0314236 0.1002188 0.1031138 0.0952594 
Pulveroboletus_009 0.4048425 0.1222033 0.0139513 0.4871211 0.4048425 0.0565003 0.0058982 0.0154296 0.0000000 0.0058982 0.1153986 0.1162444 0.0294066 0.4063200 0.0139893 0.0241820 0.0251740 0.0244801 0.0251740 0.0243339 0.3826269 0.4216268 0.4228905 0.4315873 0.4886237 0.4832339 0.3899569 0.0019549 0.4092772 0.4066571 0.0283507 0.0283507 0.0241820 0.0582191 0.0672322 0.0582207 0.1556759 0.3386031 0.3295290 0.2727741 0.4722839 0.4556659 0.0262882 0.3335179 0.1197993 0.0019590 0.0143744 0.0060552 0.0060552 0.0080942 0.2420986 0.1147747 0.0814763 0.1252303 0.0627292 0.2761132 0.1200167 0.1097130 0.0592417 0.0408590 0.0608217 0.0000010 0.0756295 0.0565003 0.1200167 0.1192467 0.1081448 0.0556788 0.0594672 0.0604331 0.1248456 0.1222033 0.0510698 0.0558375 0.0558375 0.0581300 0.0639934 0.1097130 0.0531944 0.0427606 0.0406801 0.0406801 0.2702758 0.0447005 0.0447005 0.0394997 0.0472229 0.0579816 0.0592417 0.0262882 0.4009250 0.3088331 0.2792119 0.3275311 0.0580579 0.1819546 0.6618727 0.3922190 0.0231213 0.1305414 0.1351213 0.1260087 
Pulveroboletus_010 0.3948147 0.1302514 0.0119450 0.4857796 0.3948147 0.0590799 0.0000010 0.0176817 0.0058982 0.0000000 0.1207078 0.1215945 0.0272781 0.3962472 0.0119776 0.0221442 0.0208851 0.0203111 0.0208851 0.0222832 0.3882238 0.4156254 0.4168806 0.4254785 0.5003935 0.4949369 0.3944855 0.0039224 0.4000118 0.3974604 0.0262997 0.0262997 0.0221442 0.0605890 0.0706881 0.0605906 0.1646797 0.3297571 0.3166770 0.2688124 0.4560895 0.4402525 0.0242414 0.3204831 0.1278318 0.0039306 0.0123069 0.0000010 0.0000010 0.0020070 0.2458256 0.1227547 0.0850367 0.1333437 0.0651219 0.2844850 0.1280669 0.1176326 0.0615670 0.0385133 0.0667882 0.0040377 0.0683378 0.0590799 0.1280669 0.1274054 0.1161191 0.0582165 0.0662344 0.0574189 0.1329268 0.1302514 0.0533831 0.0581897 0.0581897 0.0604957 0.0666193 0.1176326 0.0557175 0.0403001 0.0430999 0.0430999 0.2587476 0.0422612 0.0422612 0.0371003 0.0497205 0.0554521 0.0615670 0.0242414 0.4067515 0.3128255 0.2831046 0.3316619 0.0604199 0.1870495 0.6699117 0.3911231 0.0231530 0.1393998 0.1446258 0.1347852 
Pulveroboletus_011 0.4477033 0.0000010 0.1295918 0.5074977 0.4477033 0.1231932 0.1207078 0.1107518 0.1153986 0.1207078 0.0000000 0.0000010 0.1339984 0.4494382 0.1272351 0.1323401 0.1281227 0.1323401 0.1281227 0.1323401 0.4334543 0.4177653 0.4190946 0.4267748 0.4771997 0.4770655 0.3997132 0.1180085 0.4491964 0.4477033 0.1378973 0.1378973 0.1323401 0.1352097 0.0360707 0.1321846 0.0971622 0.3386125 0.3462506 0.3092660 0.4904483 0.4803779 0.1214610 0.3485296 0.0478339 0.1180085 0.1254900 0.1161479 0.1161479 0.1161479 0.2335608 0.0433475 0.0000010 0.0524921 0.1465389 0.2857111 0.0524921 0.0548192 0.1290213 0.1014960 0.1827583 0.1110013 0.1950043 0.1231932 0.0524921 0.0579307 0.0506463 0.1302575 0.1078064 0.1066952 0.0061728 0.0000010 0.1315306 0.1379582 0.1379582 0.1352097 0.1291331 0.0548192 0.1340607 0.1299605 0.1398331 0.1398331 0.2759311 0.1046485 0.1046485 0.1041806 0.1070724 0.1164745 0.1290213 0.1214610 0.4031120 0.2681473 0.2703438 0.2817027 0.1349796 0.1891720 0.7749764 0.3408509 0.1189728 0.0352189 0.0335767 0.0315234 
Pulveroboletus_012 0.4439494 0.0000010 0.1305542 0.5065115 0.4439494 0.1241982 0.1215945 0.1107518 0.1162444 0.1215945 0.0000010 0.0000000 0.1350258 0.4456714 0.1281813 0.1333241 0.1281227 0.1333241 0.1281227 0.1333241 0.4320077 0.4150932 0.4164258 0.4241163 0.4760102 0.4758746 0.3982096 0.1188742 0.4454300 0.4439494 0.1389253 0.1389253 0.1333241 0.1362383 0.0360707 0.1331869 0.0971622 0.3386125 0.3462506 0.3092660 0.4904483 0.4803779 0.1223595 0.3485296 0.0481564 0.1188742 0.1264483 0.1170227 0.1170227 0.1170227 0.2335608 0.0436391 0.0000010 0.0528476 0.1476594 0.2780529 0.0528476 0.0551911 0.1270377 0.1014960 0.1827583 0.1118373 0.1950043 0.1241982 0.0528476 0.0583300 0.0509920 0.1313095 0.1089544 0.1066952 0.0062125 0.0000010 0.1325223 0.1390085 0.1390085 0.1362383 0.1301902 0.0551911 0.1351298 0.1299605 0.1409508 0.1409508 0.2740106 0.1046485 0.1046485 0.1041806 0.1070724 0.1164745 0.1270377 0.1223595 0.4014764 0.2661775 0.2683695 0.2797502 0.1360043 0.1891720 0.7749764 0.3390770 0.1204114 0.0356061 0.0339681 0.0318684 
Pulveroboletus_014 0.4079061 0.1406855 0.0273471 0.5198232 0.4079061 0.0797267 0.0272781 0.0424794 0.0294066 0.0272781 0.1339984 0.1350258 0.0000000 0.4094617 0.0252504 0.0081794 0.0085213 0.0082817 0.0085213 0.0082317 0.3854323 0.4314461 0.4327770 0.4420225 0.5184929 0.5070669 0.4195533 0.0272369 0.4126393 0.4098766 0.0000010 0.0000010 0.0081794 0.0802600 0.0740570 0.0802612 0.1849586 0.3369608 0.3132526 0.2547794 0.4562619 0.4381378 0.0405736 0.3150781 0.1381916 0.0272971 0.0273471 0.0272781 0.0272781 0.0294514 0.2566370 0.1301959 0.0933421 0.1439893 0.0876337 0.3011747 0.1439893 0.1297388 0.0689166 0.0553657 0.0876076 0.0273143 0.1134607 0.0797267 0.1439893 0.1339487 0.1228171 0.0709354 0.0697451 0.0669418 0.1434925 0.1406855 0.0748113 0.0801268 0.0801268 0.0801268 0.0875597 0.1297388 0.0759442 0.0633159 0.0626123 0.0626123 0.2687248 0.0652884 0.0652884 0.0594791 0.0704233 0.0769036 0.0689166 0.0405736 0.4448939 0.3246132 0.3024030 0.3209837 0.0825081 0.1910983 0.7065485 0.3744554 0.0000010 0.1440608 0.1496340 0.1394005 
Pulveroboletus_016 0.0000025 0.4593533 0.4093946 0.7017622 0.0000025 0.4038961 0.3962472 0.4292371 0.4063200 0.3962472 0.4494382 0.4456714 0.4094617 0.0000000 0.4028990 0.4112522 0.4000551 0.4050089 0.4000551 0.4155177 0.5372902 0.6161920 0.6219412 0.6349249 0.6623695 0.6526901 0.5434217 0.4016357 0.0000025 0.0000025 0.4068793 0.4068793 0.4112522 0.3983403 0.2574548 0.4029167 0.5174777 0.5134255 0.4887915 0.3827171 0.6667343 0.6648612 0.4108989 0.4958693 0.4307819 0.4029136 0.4075056 0.3956796 0.3956796 0.4004594 0.4668773 0.4339883 0.2575843 0.4365469 0.4064318 0.5064539 0.4272168 0.4441472 0.4144136 0.3800692 0.5717522 0.4028611 0.7437920 0.4038961 0.4272168 0.4387281 0.4407458 0.4042540 0.2999301 0.2946602 0.4547041 0.4593533 0.4037779 0.4014398 0.4014398 0.3971136 0.3977848 0.4441472 0.4653960 0.4100476 0.4316710 0.4316710 0.4173273 0.3480551 0.3480551 0.3803670 0.3942445 0.4059651 0.4144136 0.4108989 0.5629806 0.4729021 0.4689139 0.4900643 0.3917950 0.2455580 0.6344142 0.5942447 0.3452780 0.3832675 0.4144815 0.3751056 
Pulveroboletus_017 0.4014339 0.1338764 0.0000010 0.5186939 0.4014339 0.0644994 0.0119776 0.0293079 0.0139893 0.0119776 0.1272351 0.1281813 0.0252504 0.4028990 0.0000000 0.0201481 0.0209754 0.0203965 0.0209754 0.0202748 0.3940856 0.4189944 0.4202502 0.4288750 0.4842747 0.4789325 0.4042592 0.0119610 0.4057691 0.4031714 0.0242979 0.0242979 0.0201481 0.0654332 0.0675879 0.0654348 0.1653683 0.3133352 0.3136817 0.2612512 0.4513087 0.4357824 0.0285524 0.3174168 0.1283257 0.0119864 0.0000010 0.0123016 0.0123016 0.0143888 0.2563171 0.1232282 0.0894688 0.1338612 0.0700137 0.2873986 0.1338612 0.1180853 0.0617827 0.0410820 0.0667523 0.0123184 0.0682905 0.0644994 0.1338612 0.1251907 0.1139124 0.0536308 0.0665997 0.0517651 0.1365847 0.1338764 0.0581086 0.0629968 0.0629968 0.0653313 0.0721549 0.1180853 0.0610097 0.0481260 0.0481432 0.0481432 0.2657088 0.0499251 0.0499251 0.0446065 0.0575410 0.0634867 0.0617827 0.0285524 0.4153443 0.3202562 0.2907300 0.3395065 0.0652477 0.1842488 0.6613951 0.4057822 0.0232761 0.1404364 0.1457819 0.1357769 
Pulveroboletus_018 0.4097551 0.1388667 0.0221573 0.5409976 0.4097551 0.0745018 0.0221442 0.0384652 0.0241820 0.0221442 0.1323401 0.1333241 0.0081794 0.4112522 0.0201481 0.0000000 0.0000010 0.0000010 0.0000010 0.0000010 0.4148196 0.4366119 0.4378894 0.4468068 0.5108215 0.5053204 0.4115384 0.0221125 0.4143389 0.4116834 0.0078799 0.0078799 0.0000010 0.0745750 0.0777945 0.0745763 0.1736735 0.3324102 0.3229566 0.2664419 0.4632368 0.4471159 0.0348068 0.3268300 0.1358882 0.0221595 0.0228800 0.0227482 0.0227482 0.0248792 0.2602409 0.1307639 0.1001082 0.1414754 0.0792021 0.2939968 0.1414754 0.1255866 0.0684212 0.0481250 0.0911115 0.0227785 0.0984285 0.0745018 0.1414754 0.1302170 0.1188631 0.0658607 0.0629574 0.0669418 0.1415876 0.1388667 0.0670920 0.0720909 0.0720909 0.0744572 0.0822637 0.1255866 0.0683297 0.0555868 0.0552524 0.0552524 0.2610774 0.0598029 0.0598029 0.0518670 0.0650026 0.0711058 0.0684212 0.0348068 0.4297781 0.3266508 0.3088727 0.3460332 0.0743591 0.1885745 0.7031223 0.4125818 0.0130513 0.1352842 0.1402208 0.1306968 
Pulveroboletus_019 0.3985698 0.1281227 0.0230664 0.5065370 0.3985698 0.0726861 0.0208851 0.0384652 0.0251740 0.0208851 0.1281227 0.1281227 0.0085213 0.4000551 0.0209754 0.0000010 0.0000000 0.0000010 0.0000010 0.0000010 0.3926376 0.4112185 0.4125051 0.4199174 0.4847004 0.4791513 0.3933161 0.0230177 0.3998319 0.3985698 0.0081968 0.0081968 0.0000010 0.0728050 0.0777945 0.0729259 0.1655154 0.3262348 0.3117125 0.2664419 0.4529178 0.4369076 0.0340359 0.3136924 0.1278643 0.0230177 0.0238505 0.0214766 0.0214766 0.0236861 0.2602409 0.1225969 0.1001082 0.1335837 0.0777270 0.2541243 0.1335837 0.1172838 0.0639488 0.0481250 0.0911115 0.0237400 0.0984285 0.0726861 0.1335837 0.1219052 0.1103069 0.0659736 0.0560167 0.0669418 0.1309016 0.1281227 0.0651779 0.0703510 0.0703510 0.0728050 0.0807687 0.1172838 0.0685369 0.0555868 0.0575504 0.0575504 0.2345067 0.0598029 0.0598029 0.0518670 0.0650026 0.0711058 0.0639488 0.0340359 0.3929238 0.3014685 0.2874676 0.3242314 0.0727057 0.1885745 0.7031223 0.3805966 0.0139431 0.1220132 0.1262660 0.1172620 
Pulveroboletus_020 0.4035279 0.1381349 0.0224304 0.5380197 0.4035279 0.0703408 0.0203111 0.0384652 0.0244801 0.0203111 0.1323401 0.1333241 0.0082817 0.4050089 0.0203965 0.0000010 0.0000010 0.0000000 0.0000010 0.0000010 0.4081903 0.4327681 0.4340570 0.4415729 0.5170705 0.5114524 0.4128056 0.0223844 0.4143389 0.4116834 0.0079749 0.0079749 0.0000010 0.0706652 0.0777945 0.0707790 0.1700327 0.3324102 0.3146224 0.2664419 0.4544883 0.4386103 0.0330875 0.3165977 0.1351215 0.0224326 0.0231713 0.0208703 0.0208703 0.0230162 0.2602409 0.1299353 0.1001082 0.1407744 0.0754358 0.2869770 0.1407744 0.1246966 0.0693151 0.0481250 0.0911115 0.0230671 0.0984285 0.0703408 0.1407744 0.1293689 0.1178854 0.0666452 0.0641770 0.0669418 0.1408875 0.1381349 0.0632807 0.0682864 0.0682864 0.0706652 0.0781516 0.1246966 0.0691457 0.0555868 0.0558965 0.0558965 0.2559034 0.0598029 0.0598029 0.0518670 0.0650026 0.0711058 0.0693151 0.0330875 0.4231373 0.3267172 0.3087546 0.3463064 0.0705721 0.1885745 0.7031223 0.4108870 0.0133135 0.1340219 0.1389776 0.1293491 
Pulveroboletus_021 0.3985698 0.1281227 0.0230664 0.5065370 0.3985698 0.0726861 0.0208851 0.0384652 0.0251740 0.0208851 0.1281227 0.1281227 0.0085213 0.4000551 0.0209754 0.0000010 0.0000010 0.0000010 0.0000000 0.0000010 0.3926376 0.4112185 0.4125051 0.4199174 0.4847004 0.4791513 0.3933161 0.0230177 0.3998319 0.3985698 0.0081968 0.0081968 0.0000010 0.0728050 0.0777945 0.0729259 0.1655154 0.3262348 0.3117125 0.2664419 0.4529178 0.4369076 0.0340359 0.3136924 0.1278643 0.0230177 0.0238505 0.0214766 0.0214766 0.0236861 0.2602409 0.1225969 0.1001082 0.1335837 0.0777270 0.2541243 0.1335837 0.1172838 0.0639488 0.0481250 0.0911115 0.0237400 0.0984285 0.0726861 0.1335837 0.1219052 0.1103069 0.0659736 0.0560167 0.0669418 0.1309016 0.1281227 0.0651779 0.0703510 0.0703510 0.0728050 0.0807687 0.1172838 0.0685369 0.0555868 0.0575504 0.0575504 0.2345067 0.0598029 0.0598029 0.0518670 0.0650026 0.0711058 0.0639488 0.0340359 0.3929238 0.3014685 0.2874676 0.3242314 0.0727057 0.1885745 0.7031223 0.3805966 0.0139431 0.1220132 0.1262660 0.1172620 
Pulveroboletus_022 0.4139908 0.1398732 0.0222965 0.5469712 0.4139908 0.0724398 0.0222832 0.0384652 0.0243339 0.0222832 0.1323401 0.1333241 0.0082317 0.4155177 0.0202748 0.0000010 0.0000010 0.0000010 0.0000010 0.0000000 0.4085143 0.4412333 0.4425239 0.4501012 0.5165014 0.5109294 0.4128056 0.0222511 0.4143389 0.4116834 0.0079285 0.0079285 0.0000010 0.0725771 0.0777945 0.0726936 0.1687113 0.3324102 0.3260050 0.2664419 0.4682213 0.4517457 0.0350285 0.3280563 0.1368696 0.0222987 0.0230285 0.0228950 0.0228950 0.0250400 0.2602409 0.1317075 0.1001082 0.1425012 0.0773350 0.2881672 0.1425012 0.1264912 0.0688726 0.0481250 0.0911115 0.0229256 0.0984285 0.0724398 0.1425012 0.1311710 0.1197249 0.0661779 0.0635719 0.0669418 0.1426152 0.1398732 0.0652019 0.0702045 0.0702045 0.0725771 0.0802262 0.1264912 0.0686596 0.0555868 0.0555133 0.0555133 0.2577732 0.0598029 0.0598029 0.0518670 0.0650026 0.0711058 0.0688726 0.0350285 0.4233441 0.3256381 0.3077406 0.3451316 0.0724815 0.1885745 0.7031223 0.4121121 0.0131848 0.1368718 0.1419783 0.1322242 
Pulveroboletus_024 0.5351155 0.4466323 0.3995397 0.5388435 0.5351155 0.3621798 0.3882238 0.3735828 0.3826269 0.3882238 0.4334543 0.4320077 0.3854323 0.5372902 0.3940856 0.4148196 0.3926376 0.4081903 0.3926376 0.4085143 0.0000000 0.4669870 0.4683083 0.4715606 0.5649076 0.5588168 0.5430342 0.3779720 0.5231095 0.5277883 0.4245254 0.4245254 0.4148196 0.3960927 0.3830774 0.4064364 0.4820844 0.4941014 0.4707345 0.4067756 0.6566232 0.5859940 0.3920694 0.4710048 0.4397214 0.3791904 0.3568862 0.3544814 0.3544814 0.3590862 0.5051530 0.4360572 0.3633000 0.4536962 0.4259889 0.3675712 0.4438685 0.4436716 0.4362210 0.3553852 0.6161706 0.3459090 0.9823046 0.3621798 0.4438685 0.4577616 0.4546806 0.3801821 0.2756108 0.3387496 0.4517686 0.4466323 0.4128467 0.4049235 0.4049235 0.4005120 0.3602187 0.4436716 0.4261122 0.3535163 0.3796626 0.3796626 0.4066110 0.3449549 0.3449549 0.3562805 0.3670283 0.3808775 0.4362210 0.3920694 0.0927962 0.4140410 0.4479857 0.4172720 0.4049235 0.2611850 0.6883675 0.4878387 0.3139259 0.2938707 0.3219970 0.3068313 
Pulveroboletus_025 0.6134597 0.4357037 0.4245274 0.6238732 0.6134597 0.4261745 0.4156254 0.4008015 0.4216268 0.4156254 0.4177653 0.4150932 0.4314461 0.6161920 0.4189944 0.4366119 0.4112185 0.4327681 0.4112185 0.4412333 0.4669870 0.0000000 0.0041760 0.0063099 0.5578568 0.5437048 0.5282022 0.4168243 0.5916614 0.5870670 0.4320871 0.4320871 0.4366119 0.4670688 0.3554916 0.4719258 0.4694454 0.4805552 0.4756111 0.4718777 0.6455978 0.5741732 0.4283240 0.4824268 0.4397107 0.4181673 0.4187870 0.4051942 0.4051942 0.4006865 0.5948044 0.4415764 0.3309822 0.4635410 0.4880667 0.4451665 0.4536420 0.4746607 0.4488880 0.3708710 0.5847508 0.4080846 0.9543454 0.4261745 0.4536420 0.4473914 0.4585622 0.4208599 0.3059853 0.3373981 0.4357037 0.4357037 0.4689633 0.4702190 0.4702190 0.4655348 0.4238032 0.4746607 0.4667438 0.4022095 0.4427809 0.4427809 0.4440902 0.3821819 0.3821819 0.3801596 0.3801128 0.4200558 0.4488880 0.4283240 0.4973424 0.5046947 0.4814226 0.5021715 0.4702190 0.3854526 0.8406348 0.5918185 0.3415999 0.3453384 0.3736789 0.3454493 
Pulveroboletus_026 0.6191941 0.4370209 0.4257902 0.6272654 0.6191941 0.4275483 0.4168806 0.4072752 0.4228905 0.4168806 0.4190946 0.4164258 0.4327770 0.6219412 0.4202502 0.4378894 0.4125051 0.4340570 0.4125051 0.4425239 0.4683083 0.0041760 0.0000000 0.0020809 0.5598142 0.5457195 0.5407438 0.4180823 0.5975437 0.5929176 0.4333612 0.4333612 0.4378894 0.4683644 0.3692402 0.4732192 0.4707801 0.4934997 0.4871734 0.4852049 0.6718888 0.5870537 0.4295903 0.4941833 0.4410191 0.4194296 0.4200884 0.4064685 0.4064685 0.4019543 0.6007980 0.4428896 0.3445346 0.4648663 0.4893580 0.4464759 0.4549645 0.4759888 0.4489693 0.3769709 0.6174913 0.4093683 1.0118961 0.4275483 0.4549645 0.4487180 0.4598871 0.4222278 0.2942862 0.3502928 0.4370209 0.4370209 0.4702524 0.4715111 0.4715111 0.4668267 0.4251696 0.4759888 0.4681443 0.4035875 0.4441587 0.4441587 0.4454564 0.3934332 0.3934332 0.3914354 0.3913958 0.4320826 0.4489693 0.4295903 0.4987111 0.5060676 0.4828159 0.5035592 0.4715111 0.4023243 0.8609157 0.5930147 0.3270416 0.3305802 0.3572709 0.3307052 
Pulveroboletus_027 0.6320921 0.4462038 0.4345020 0.6400051 0.6320921 0.4370492 0.4254785 0.4150358 0.4315873 0.4254785 0.4267748 0.4241163 0.4420225 0.6349249 0.4288750 0.4468068 0.4199174 0.4415729 0.4199174 0.4501012 0.4715606 0.0063099 0.0020809 0.0000000 0.5715594 0.5571875 0.5520352 0.4267074 0.6079158 0.6031761 0.4422135 0.4422135 0.4468068 0.4761986 0.3783491 0.4827004 0.4740852 0.5028288 0.4972018 0.4944551 0.6857604 0.5990252 0.4383576 0.5026511 0.4501856 0.4280933 0.4290301 0.4151446 0.4151446 0.4105666 0.6112075 0.4521032 0.3534175 0.4744444 0.4991083 0.4495400 0.4643868 0.4857713 0.4580007 0.3841993 0.6174913 0.4181221 1.0118961 0.4370492 0.4643868 0.4580926 0.4693989 0.4316442 0.3037072 0.3587573 0.4462038 0.4462038 0.4796566 0.4809558 0.4809558 0.4761986 0.4345990 0.4857713 0.4783380 0.4115085 0.4538528 0.4538528 0.4550755 0.4009365 0.4009365 0.3989477 0.3989129 0.4402363 0.4580007 0.4383576 0.5023720 0.5168061 0.4932033 0.5143528 0.4809558 0.4136985 0.8774835 0.6053878 0.3391839 0.3429306 0.3713490 0.3430464 
Pulveroboletus_028 0.6594314 0.4788186 0.4842747 0.6647805 0.6594314 0.4774799 0.5003935 0.4619311 0.4886237 0.5003935 0.4771997 0.4760102 0.5184929 0.6623695 0.4842747 0.5108215 0.4847004 0.5170705 0.4847004 0.5165014 0.5649076 0.5578568 0.5598142 0.5715594 0.0000000 0.0041692 0.5172830 0.4886237 0.6363182 0.6375048 0.5162438 0.5162438 0.5108215 0.4799730 0.2869695 0.4796703 0.5789478 0.5306895 0.5453181 0.4313272 0.7724896 0.6418080 0.4757148 0.5535979 0.4638573 0.4853833 0.4793473 0.4902073 0.4902073 0.4902073 0.4984215 0.4425298 0.2807307 0.4753184 0.4838918 0.4997190 0.4653620 0.4943327 0.4511238 0.4202469 0.3345847 0.4720929 0.5158398 0.4774799 0.4653620 0.5045112 0.4957174 0.4910004 0.4815724 0.3014347 0.4788186 0.4788186 0.4812566 0.4783727 0.4783727 0.4736210 0.4800992 0.4943327 0.5712184 0.5056745 0.5503003 0.5503003 0.4850486 0.3704095 0.3704095 0.4214355 0.4341413 0.4498487 0.4511238 0.4757148 0.5817647 0.4083686 0.4208834 0.4140957 0.4724364 0.1969143 0.7279044 0.4658334 0.6260563 0.4595307 0.5023760 0.4498057 
Pulveroboletus_029 0.6498084 0.4786887 0.4789325 0.6434495 0.6498084 0.4726852 0.4949369 0.4562293 0.4832339 0.4949369 0.4770655 0.4758746 0.5070669 0.6526901 0.4789325 0.5053204 0.4791513 0.5114524 0.4791513 0.5109294 0.5588168 0.5437048 0.5457195 0.5571875 0.0041692 0.0000000 0.5030022 0.4832339 0.6267036 0.6279196 0.5107122 0.5107122 0.5053204 0.4746801 0.2854044 0.4743862 0.5789285 0.5290139 0.5370128 0.4234808 0.7612525 0.6323087 0.4704074 0.5451174 0.4637249 0.4799979 0.4685046 0.4792742 0.4792742 0.4792742 0.4924560 0.4423966 0.2791851 0.4751886 0.4785928 0.4885549 0.4652295 0.4942105 0.4460048 0.4148874 0.3330569 0.4613710 0.5129779 0.4726852 0.4652295 0.5043951 0.4955958 0.4881382 0.4752668 0.2979606 0.4786887 0.4786887 0.4759530 0.4731029 0.4731029 0.4683752 0.4772712 0.4942105 0.5588050 0.4937658 0.5382727 0.5382727 0.4794542 0.3653334 0.3653334 0.4159502 0.4285235 0.4441155 0.4460048 0.4704074 0.5726525 0.3949481 0.4118223 0.4004911 0.4671990 0.1929889 0.7053115 0.4617132 0.6175591 0.4605666 0.5035705 0.4508233 
Pulveroboletus_030 0.5411725 0.3984850 0.4072929 0.5555875 0.5411725 0.4205191 0.3944855 0.4014262 0.3899569 0.3944855 0.3997132 0.3982096 0.4195533 0.5434217 0.4042592 0.4115384 0.3933161 0.4128056 0.3933161 0.4128056 0.5430342 0.5282022 0.5407438 0.5520352 0.5172830 0.5030022 0.0000000 0.3899569 0.5451442 0.5431504 0.4118660 0.4118660 0.4115384 0.4261416 0.2835169 0.4259273 0.4511935 0.4794808 0.5222854 0.4811757 0.7276312 0.5784304 0.4031805 0.5283332 0.3945531 0.3899569 0.4102099 0.3996148 0.3996148 0.3996148 0.4492113 0.4015866 0.2927179 0.4162365 0.4251394 0.3388226 0.4071453 0.3933862 0.3913945 0.3638929 0.5128189 0.3895783 0.7150115 0.4205191 0.4071453 0.3886102 0.3857465 0.4196047 0.3050682 0.4123684 0.3984850 0.3984850 0.4136301 0.4200860 0.4200860 0.4248114 0.4258652 0.3933862 0.4073060 0.3718225 0.4034155 0.4034155 0.3842338 0.3715353 0.3715353 0.3549472 0.3650665 0.3781158 0.3913945 0.4031805 0.4654698 0.3333030 0.3327954 0.3592734 0.4190308 0.2292924 0.6532574 0.4761916 0.3941133 0.3331338 0.3690592 0.3332480 
Pulveroboletus_031 0.4001784 0.1247633 0.0119286 0.4871211 0.4001784 0.0589723 0.0039224 0.0154296 0.0019549 0.0039224 0.1180085 0.1188742 0.0272369 0.4016357 0.0119610 0.0221125 0.0230177 0.0223844 0.0230177 0.0222511 0.3779720 0.4168243 0.4180823 0.4267074 0.4886237 0.4832339 0.3899569 0.0000000 0.4044674 0.4018837 0.0262614 0.0262614 0.0221125 0.0604876 0.0672322 0.0604892 0.1585064 0.3340287 0.3254361 0.2727741 0.4671662 0.4507929 0.0242064 0.3293683 0.1223557 0.0000010 0.0122893 0.0040265 0.0040265 0.0060552 0.2420986 0.1173187 0.0814763 0.1278077 0.0650116 0.2761132 0.1225785 0.1122420 0.0614659 0.0408590 0.0608217 0.0000010 0.0756295 0.0589723 0.1225785 0.1218435 0.1106924 0.0581123 0.0627616 0.0604331 0.1274133 0.1247633 0.0532962 0.0580931 0.0580931 0.0603947 0.0664954 0.1122420 0.0556184 0.0427606 0.0430269 0.0430269 0.2665758 0.0447005 0.0447005 0.0394997 0.0472229 0.0579816 0.0614659 0.0242064 0.3961014 0.3088331 0.2792119 0.3275311 0.0603191 0.1819546 0.6618727 0.3922190 0.0197392 0.1347302 0.1396054 0.1301664 
Pulveroboletus_034 0.0000025 0.4491964 0.4124466 0.6737637 0.0000025 0.4018917 0.4000118 0.4289912 0.4092772 0.4000118 0.4491964 0.4454300 0.4126393 0.0000025 0.4057691 0.4143389 0.3998319 0.4143389 0.3998319 0.4143389 0.5231095 0.5916614 0.5975437 0.6079158 0.6363182 0.6267036 0.5451442 0.4044674 0.0000000 0.0000025 0.4098495 0.4098495 0.4143389 0.3950650 0.2572390 0.4009926 0.4942687 0.5156038 0.4739444 0.3824766 0.6405165 0.6509594 0.4139739 0.4775362 0.4203597 0.4044674 0.4106158 0.3995337 0.3995337 0.4044582 0.4666178 0.4236349 0.2573641 0.4261770 0.4045880 0.4701034 0.4167152 0.4338332 0.4059175 0.3798472 0.5655108 0.4058145 0.7322646 0.4018917 0.4167152 0.4282768 0.4303575 0.3987615 0.2817994 0.2944389 0.4444783 0.4491964 0.4018685 0.3994866 0.3994866 0.3950650 0.3956424 0.4338332 0.4607413 0.4098077 0.4325370 0.4325370 0.3952636 0.3478400 0.3478400 0.3801380 0.3940087 0.4057230 0.4059175 0.4139739 0.5313632 0.4626261 0.4636523 0.4849271 0.3896325 0.2453137 0.6440139 0.5681432 0.3494000 0.3684706 0.3994134 0.3601418 
Pulveroboletus_035 0.0000010 0.4462188 0.4097921 0.6684853 0.0000010 0.3991957 0.3974604 0.4275269 0.4066571 0.3974604 0.4477033 0.4439494 0.4098766 0.0000025 0.4031714 0.4116834 0.3985698 0.4116834 0.3985698 0.4116834 0.5277883 0.5870670 0.5929176 0.6031761 0.6375048 0.6279196 0.5431504 0.4018837 0.0000025 0.0000000 0.4072269 0.4072269 0.4116834 0.3925587 0.2562852 0.3984390 0.4925393 0.5117317 0.4706566 0.3811579 0.6476257 0.6458895 0.4113230 0.4742012 0.4176488 0.4018837 0.4078798 0.3969143 0.3969143 0.4018008 0.4649638 0.4209052 0.2563906 0.4234134 0.4020122 0.4668170 0.4140246 0.4309958 0.4033458 0.3786359 0.5655108 0.4031407 0.7322646 0.3991957 0.4140246 0.4254663 0.4275402 0.3960989 0.2795624 0.2933978 0.4415378 0.4462188 0.3993028 0.3969488 0.3969488 0.3925587 0.3929990 0.4309958 0.4575137 0.4084271 0.4310666 0.4310666 0.3926571 0.3467303 0.3467303 0.3788874 0.3926886 0.4043390 0.4033458 0.4113230 0.5362286 0.4594228 0.4604879 0.4814909 0.3871682 0.2442561 0.6409754 0.5730545 0.3460065 0.3649254 0.3951980 0.3567046 
Pulveroboletus_036 0.4054005 0.1443178 0.0263155 0.5359719 0.4054005 0.0797267 0.0262997 0.0432181 0.0283507 0.0262997 0.1378973 0.1389253 0.0000010 0.4068793 0.0242979 0.0078799 0.0081968 0.0079749 0.0081968 0.0079285 0.4245254 0.4320871 0.4333612 0.4422135 0.5162438 0.5107122 0.4118660 0.0262614 0.4098495 0.4072269 0.0000000 0.0000010 0.0078799 0.0793473 0.0777945 0.0793485 0.1797135 0.3369608 0.3270139 0.2705924 0.4683126 0.4519479 0.0390922 0.3309432 0.1413040 0.0263175 0.0271785 0.0270206 0.0270206 0.0291724 0.2679320 0.1361497 0.1001082 0.1469404 0.0840068 0.2979639 0.1469404 0.1309367 0.0684640 0.0529846 0.0911115 0.0270561 0.0984285 0.0797267 0.1469404 0.1356822 0.1242146 0.0709354 0.0697451 0.0669418 0.1470581 0.1443178 0.0717678 0.0768339 0.0768339 0.0792209 0.0875597 0.1309367 0.0759442 0.0633159 0.0626123 0.0626123 0.2647776 0.0649340 0.0649340 0.0593748 0.0727567 0.0790405 0.0684640 0.0390922 0.4398445 0.3228381 0.3050982 0.3420963 0.0791148 0.1885745 0.6955090 0.4083147 0.0000010 0.1440608 0.1496340 0.1394005 
Pulveroboletus_037 0.4054005 0.1443178 0.0263155 0.5359719 0.4054005 0.0797267 0.0262997 0.0432181 0.0283507 0.0262997 0.1378973 0.1389253 0.0000010 0.4068793 0.0242979 0.0078799 0.0081968 0.0079749 0.0081968 0.0079285 0.4245254 0.4320871 0.4333612 0.4422135 0.5162438 0.5107122 0.4118660 0.0262614 0.4098495 0.4072269 0.0000010 0.0000000 0.0078799 0.0793473 0.0777945 0.0793485 0.1797135 0.3369608 0.3270139 0.2705924 0.4683126 0.4519479 0.0390922 0.3309432 0.1413040 0.0263175 0.0271785 0.0270206 0.0270206 0.0291724 0.2679320 0.1361497 0.1001082 0.1469404 0.0840068 0.2979639 0.1469404 0.1309367 0.0684640 0.0529846 0.0911115 0.0270561 0.0984285 0.0797267 0.1469404 0.1356822 0.1242146 0.0709354 0.0697451 0.0669418 0.1470581 0.1443178 0.0717678 0.0768339 0.0768339 0.0792209 0.0875597 0.1309367 0.0759442 0.0633159 0.0626123 0.0626123 0.2647776 0.0649340 0.0649340 0.0593748 0.0727567 0.0790405 0.0684640 0.0390922 0.4398445 0.3228381 0.3050982 0.3420963 0.0791148 0.1885745 0.6955090 0.4083147 0.0000010 0.1440608 0.1496340 0.1394005 
Pulveroboletus_038 0.4097551 0.1388667 0.0221573 0.5409976 0.4097551 0.0745018 0.0221442 0.0384652 0.0241820 0.0221442 0.1323401 0.1333241 0.0081794 0.4112522 0.0201481 0.0000010 0.0000010 0.0000010 0.0000010 0.0000010 0.4148196 0.4366119 0.4378894 0.4468068 0.5108215 0.5053204 0.4115384 0.0221125 0.4143389 0.4116834 0.0078799 0.0078799 0.0000000 0.0745750 0.0777945 0.0745763 0.1736735 0.3324102 0.3229566 0.2664419 0.4632368 0.4471159 0.0348068 0.3268300 0.1358882 0.0221595 0.0228800 0.0227482 0.0227482 0.0248792 0.2602409 0.1307639 0.1001082 0.1414754 0.0792021 0.2939968 0.1414754 0.1255866 0.0684212 0.0481250 0.0911115 0.0227785 0.0984285 0.0745018 0.1414754 0.1302170 0.1188631 0.0658607 0.0629574 0.0669418 0.1415876 0.1388667 0.0670920 0.0720909 0.0720909 0.0744572 0.0822637 0.1255866 0.0683297 0.0555868 0.0552524 0.0552524 0.2610774 0.0598029 0.0598029 0.0518670 0.0650026 0.0711058 0.0684212 0.0348068 0.4297781 0.3266508 0.3088727 0.3460332 0.0743591 0.1885745 0.7031223 0.4125818 0.0130513 0.1352842 0.1402208 0.1306968 
Pulveroboletus_039 0.3968972 0.1421797 0.0652446 0.5069221 0.3968972 0.0021437 0.0605890 0.0676133 0.0582191 0.0605890 0.1352097 0.1362383 0.0802600 0.3983403 0.0654332 0.0745750 0.0728050 0.0706652 0.0728050 0.0725771 0.3960927 0.4670688 0.4683644 0.4761986 0.4799730 0.4746801 0.4261416 0.0604876 0.3950650 0.3925587 0.0793473 0.0793473 0.0745750 0.0000000 0.0744317 0.0019612 0.1806906 0.3180649 0.3115542 0.2560805 0.4429240 0.4474779 0.0585087 0.3143889 0.1364342 0.0606231 0.0651384 0.0599855 0.0599855 0.0623673 0.2267441 0.1280319 0.0894097 0.1421614 0.0119338 0.2689544 0.1366945 0.1280998 0.0585197 0.0441089 0.0727740 0.0576867 0.0061310 0.0021437 0.1366945 0.1411010 0.1320643 0.0594524 0.0536382 0.0691437 0.1449766 0.1421797 0.0079290 0.0039253 0.0039253 0.0019589 0.0086287 0.1280998 0.0828470 0.0643175 0.0662452 0.0662452 0.2643335 0.0000010 0.0000010 0.0502058 0.0635116 0.0670577 0.0585197 0.0585087 0.4143050 0.3102736 0.2968113 0.3209652 0.0078985 0.1650406 0.7181267 0.4018680 0.0763360 0.1579120 0.1647272 0.1529873 
Pulveroboletus_040 0.2562852 0.0360707 0.0707615 0.3302149 0.2562852 0.0638286 0.0706881 0.0784225 0.0672322 0.0706881 0.0360707 0.0360707 0.0740570 0.2574548 0.0675879 0.0777945 0.0777945 0.0777945 0.0777945 0.0777945 0.3830774 0.3554916 0.3692402 0.3783491 0.2869695 0.2854044 0.2835169 0.0672322 0.2572390 0.2562852 0.0777945 0.0777945 0.0777945 0.0744317 0.0000000 0.0708240 0.0640871 0.2691838 0.2812193 0.2760805 0.4375310 0.4343437 0.0672953 0.2836482 0.0206323 0.0672322 0.0667824 0.0665047 0.0665047 0.0665047 0.1813195 0.0298867 0.0363697 0.0266916 0.0853189 0.1861810 0.0266916 0.0205777 0.0776330 0.0639839 0.1516024 0.0629424 0.1373221 0.0638286 0.0266916 0.0176615 0.0000010 0.0712857 0.0266830 0.0890266 0.0392140 0.0360707 0.0670906 0.0709375 0.0709375 0.0744317 0.0752119 0.0205777 0.0772729 0.0771570 0.0771570 0.0771570 0.1909895 0.0744317 0.0744317 0.0855685 0.0891776 0.0971405 0.0776330 0.0672953 0.3538498 0.1932630 0.1878981 0.2173052 0.0743615 0.1808233 0.5356013 0.2582812 0.0268496 0.0128334 0.0071755 0.0063803 
Pulveroboletus_041 0.4014563 0.1389354 0.0652462 0.5118762 0.4014563 0.0042981 0.0605906 0.0677322 0.0582207 0.0605906 0.1321846 0.1331869 0.0802612 0.4029167 0.0654348 0.0745763 0.0729259 0.0707790 0.0729259 0.0726936 0.4064364 0.4719258 0.4732192 0.4827004 0.4796703 0.4743862 0.4259273 0.0604892 0.4009926 0.3984390 0.0793485 0.0793485 0.0745763 0.0019612 0.0708240 0.0000000 0.1803157 0.3234562 0.3155367 0.2609036 0.4476838 0.4521346 0.0585103 0.3192725 0.1332415 0.0606247 0.0651401 0.0599872 0.0599872 0.0623689 0.2309379 0.1249121 0.0856407 0.1389182 0.0139552 0.2771877 0.1334936 0.1249780 0.0585213 0.0441826 0.0730730 0.0576884 0.0124064 0.0042981 0.1334936 0.1378302 0.1288814 0.0594533 0.0535187 0.0692953 0.1417099 0.1389354 0.0099345 0.0059015 0.0059015 0.0039270 0.0108130 0.1249780 0.0828482 0.0644332 0.0662469 0.0662469 0.2680669 0.0021823 0.0021823 0.0502925 0.0636244 0.0671790 0.0585213 0.0585103 0.4251189 0.3142483 0.3007610 0.3250398 0.0098960 0.1705637 0.7205195 0.4062935 0.0761365 0.1574239 0.1641789 0.1525185 
Pulveroboletus_042 0.5154130 0.1082126 0.1648374 0.5449241 0.5154130 0.1753566 0.1646797 0.1482435 0.1556759 0.1646797 0.0971622 0.0971622 0.1849586 0.5174777 0.1653683 0.1736735 0.1655154 0.1700327 0.1655154 0.1687113 0.4820844 0.4694454 0.4707801 0.4740852 0.5789478 0.5789285 0.4511935 0.1585064 0.4942687 0.4925393 0.1797135 0.1797135 0.1736735 0.1806906 0.0640871 0.1803157 0.0000000 0.4104718 0.4339588 0.3549773 0.5883905 0.5534345 0.1586918 0.4338835 0.0920369 0.1589039 0.1680268 0.1674241 0.1674241 0.1674241 0.3076939 0.0921541 0.0902740 0.0973611 0.1769579 0.3034935 0.0973611 0.0734266 0.1750846 0.1368769 0.1740529 0.1585163 0.1935039 0.1753566 0.0973611 0.0732888 0.0631977 0.1736639 0.1706939 0.1487257 0.1082126 0.1082126 0.1770511 0.1806171 0.1806171 0.1837235 0.1853478 0.0734266 0.1698193 0.1569862 0.1721938 0.1721938 0.3693155 0.1385999 0.1385999 0.1446604 0.1521201 0.1605620 0.1750846 0.1586918 0.4727946 0.3131373 0.3210790 0.3367636 0.1810892 0.2060936 0.8023460 0.3874599 0.1678351 0.0936317 0.0957655 0.0892001 
Pulveroboletus_043 0.5203078 0.3490520 0.3120548 0.5965517 0.5203078 0.3180649 0.3297571 0.3423469 0.3386031 0.3297571 0.3386125 0.3386125 0.3369608 0.5134255 0.3133352 0.3324102 0.3262348 0.3324102 0.3262348 0.3324102 0.4941014 0.4805552 0.4934997 0.5028288 0.5306895 0.5290139 0.4794808 0.3340287 0.5156038 0.5117317 0.3369608 0.3369608 0.3324102 0.3180649 0.2691838 0.3234562 0.4104718 0.0000000 0.0339697 0.0294262 0.0869389 0.1078843 0.3541513 0.0339697 0.3400581 0.3340287 0.3120548 0.3297571 0.3297571 0.3297571 0.3824866 0.3335280 0.2927461 0.3499875 0.3122651 0.4156365 0.3411050 0.3555267 0.3370788 0.3075558 0.6261575 0.3354136 0.9314300 0.3180649 0.3411050 0.3468828 0.3468828 0.3227558 0.2023721 0.2603198 0.3536570 0.3490520 0.3199424 0.3180649 0.3180649 0.3180649 0.3180649 0.3555267 0.3651205 0.3122028 0.3276811 0.3276811 0.3859213 0.2636327 0.2636327 0.2660972 0.2702687 0.2660972 0.3370788 0.3541513 0.4702560 0.4104214 0.4414929 0.4108373 0.3089755 0.2986738 0.7484398 0.4884270 0.2466659 0.2432280 0.2597140 0.2365288 
