8
tns_f_11697|ITS|EF183542.1 0.0000000 0.0053917 0.0094791 0.0013410 0.0053897 0.0026856 0.0081133 0.0094953 
tns_f_11696|ITS|EF183540.1 0.0053917 0.0000000 0.0094827 0.0040375 0.0026866 0.0026866 0.0053935 0.0067633 
tns_f_11696|ITS|EF183538.1 0.0094791 0.0094827 0.0000000 0.0081126 0.0094791 0.0067494 0.0094824 0.0136343 
tns_f_11697|ITS|EF183536.1 0.0013410 0.0040375 0.0081126 0.0000000 0.0040360 0.0013410 0.0067505 0.0081264 
tns_f_11694|ITS|EF183534.1 0.0053897 0.0026866 0.0094791 0.0040360 0.0000000 0.0026856 0.0053915 0.0067608 
tns_f_11695|ITS|EF183532.1 0.0026856 0.0026866 0.0067494 0.0013410 0.0026856 0.0000000 0.0053915 0.0067608 
tns_f_11694|ITS|EF173307.1 0.0081133 0.0053935 0.0094824 0.0067505 0.0053915 0.0053915 0.0000000 0.0094985 
tns_f_11695|ITS|EF173305.1 0.0094953 0.0067633 0.0136343 0.0081264 0.0067608 0.0067608 0.0094985 0.0000000 
