14
Crocinoboletus_01    0.0000000 0.1214010 0.0028767 0.1662834 0.1214010 0.0028779 0.1215221 0.0919926 0.0028767 0.1682936 0.1197346 0.1213759 0.2163481 1.3358731 
Crocinoboletus_02    0.1214010 0.0000000 0.1213229 0.1758113 0.0000010 0.1249211 0.0174375 0.0066628 0.1213229 0.1854989 0.0014364 0.0028746 0.2452291 1.3110123 
Crocinoboletus_03    0.0028767 0.1213229 0.0000000 0.1624223 0.1213229 0.0028808 0.1214438 0.0919256 0.0000010 0.1644198 0.1196576 0.1212978 0.2168489 1.3409044 
Crocinoboletus_04    0.1662834 0.1758113 0.1624223 0.0000000 0.1758113 0.1665615 0.1817560 0.1626917 0.1624223 0.0000010 0.1739090 0.1757711 0.0924556 1.2973385 
Crocinoboletus_05    0.1214010 0.0000010 0.1213229 0.1758113 0.0000000 0.1249211 0.0174375 0.0066628 0.1213229 0.1854989 0.0014364 0.0028746 0.2452291 1.3110123 
Crocinoboletus_06    0.0028779 0.1249211 0.0028808 0.1665615 0.1249211 0.0000000 0.1250463 0.0957196 0.0028808 0.1682936 0.1232460 0.1248951 0.2170724 1.3404509 
Crocinoboletus_07    0.1215221 0.0174375 0.1214438 0.1817560 0.0174375 0.1250463 0.0000000 0.0066567 0.1214438 0.1915219 0.0159708 0.0174341 0.2402415 1.3178317 
Crocinoboletus_08    0.0919926 0.0066628 0.0919256 0.1626917 0.0066628 0.0957196 0.0066567 0.0000000 0.0919256 0.1440920 0.0049923 0.0066614 0.2397000 1.3699546 
Crocinoboletus_09    0.0028767 0.1213229 0.0000010 0.1624223 0.1213229 0.0028808 0.1214438 0.0919256 0.0000000 0.1644198 0.1196576 0.1212978 0.2168489 1.3409044 
Crocinoboletus_11    0.1682936 0.1854989 0.1644198 0.0000010 0.1854989 0.1682936 0.1915219 0.1440920 0.1644198 0.0000000 0.1835752 0.1854562 0.0716355 1.2595799 
Crocinoboletus_12    0.1197346 0.0014364 0.1196576 0.1739090 0.0014364 0.1232460 0.0159708 0.0049923 0.1196576 0.1835752 0.0000000 0.0014361 0.2412181 1.3165576 
Crocinoboletus_13    0.1213759 0.0028746 0.1212978 0.1757711 0.0028746 0.1248951 0.0174341 0.0066614 0.1212978 0.1854562 0.0014361 0.0000000 0.2412181 1.3165576 
Crocinoboletus_14    0.2163481 0.2452291 0.2168489 0.0924556 0.2452291 0.2170724 0.2402415 0.2397000 0.2168489 0.0716355 0.2412181 0.2412181 0.0000000 1.4509942 
_R_Crocinoboletus_15 1.3358731 1.3110123 1.3409044 1.2973385 1.3110123 1.3404509 1.3178317 1.3699546 1.3409044 1.2595799 1.3165576 1.3165576 1.4509942 0.0000000 
