19
mb241006/01|ITS|PQ569372.1   0.0000000 0.0079220 0.0577485 0.0444767 0.0125833 0.0275978 0.0278795 0.0278795 0.0279229 0.0076552 0.0076552 0.0107678 0.0264159 0.0000010 0.0076788 0.0280972 0.0077143 0.1199365 0.0185869 
f_1030582|ITS|ON000903.1     0.0079220 0.0000000 0.0564363 0.0278131 0.0125833 0.0159567 0.0207172 0.0207172 0.0207502 0.0000010 0.0000010 0.0031649 0.0186575 0.0079220 0.0000010 0.0208836 0.0000010 0.1081371 0.0111553 
mb000258|ITS|MW520192.1      0.0577485 0.0564363 0.0000000 0.0727337 0.0332576 0.0469781 0.0610626 0.0610626 0.0611609 0.0560967 0.0560967 0.0595959 0.0598382 0.0579346 0.0562772 0.0615573 0.0565501 0.1151969 0.0647866 
lugo                         0.0444767 0.0278131 0.0727337 0.0000000 0.0000010 0.0000010 0.0000010 0.0000010 0.0000010 0.0255772 0.0255772 0.0295041 0.0000010 0.0448089 0.0257655 0.0000010 0.0255772 0.1876131 0.0255772 
18431|ITS|JF907796.1         0.0125833 0.0125833 0.0332576 0.0000010 0.0000000 0.0000010 0.0000010 0.0000010 0.0000027 0.0125833 0.0125833 0.0151199 0.0000010 0.0125833 0.0125833 0.0000010 0.0125833 0.0656464 0.0125833 
17750|ITS|JF907790.1         0.0275978 0.0159567 0.0469781 0.0000010 0.0000010 0.0000000 0.0000010 0.0000010 0.0000010 0.0159567 0.0159567 0.0206601 0.0000010 0.0275978 0.0159567 0.0000010 0.0159567 0.1253919 0.0159567 
ml01811rs|ITS|MH011873.1     0.0278795 0.0207172 0.0610626 0.0000010 0.0000010 0.0000010 0.0000000 0.0000010 0.0000022 0.0200154 0.0200154 0.0232041 0.0000010 0.0279662 0.0200772 0.0000010 0.0201707 0.1159917 0.0295722 
ml211101bl|ITS|MH011872.1    0.0278795 0.0207172 0.0610626 0.0000010 0.0000010 0.0000010 0.0000010 0.0000000 0.0000022 0.0200154 0.0200154 0.0232041 0.0000010 0.0279662 0.0200772 0.0000010 0.0201707 0.1159917 0.0295722 
ml110112bl|ITS|MH011871.1    0.0279229 0.0207502 0.0611609 0.0000010 0.0000027 0.0000010 0.0000022 0.0000022 0.0000000 0.0200462 0.0200462 0.0232399 0.0000023 0.0280098 0.0201083 0.0000022 0.0202020 0.1143512 0.0296183 
fr2015613|ITS|MH011870.1     0.0076552 0.0000010 0.0560967 0.0255772 0.0125833 0.0159567 0.0200154 0.0200154 0.0200462 0.0000000 0.0000010 0.0030584 0.0180458 0.0076788 0.0000010 0.0201707 0.0000010 0.1123182 0.0107777 
fr2015611|ITS|MH011869.1     0.0076552 0.0000010 0.0560967 0.0255772 0.0125833 0.0159567 0.0200154 0.0200154 0.0200462 0.0000010 0.0000000 0.0030584 0.0180458 0.0076788 0.0000010 0.0201707 0.0000010 0.1123182 0.0107777 
fr2015605|ITS|MH011868.1     0.0107678 0.0031649 0.0595959 0.0295041 0.0151199 0.0206601 0.0232041 0.0232041 0.0232399 0.0030584 0.0030584 0.0000000 0.0214344 0.0108010 0.0030678 0.0233850 0.0030819 0.1163952 0.0139226 
prm_924419|ITS|LT223153.1    0.0264159 0.0186575 0.0598382 0.0000010 0.0000010 0.0000010 0.0000010 0.0000010 0.0000023 0.0180458 0.0180458 0.0214344 0.0000000 0.0264159 0.0180458 0.0000010 0.0180458 0.1186915 0.0180458 
brnm_766829|ITS|LT223152.1   0.0000010 0.0079220 0.0579346 0.0448089 0.0125833 0.0275978 0.0279662 0.0279662 0.0280098 0.0076788 0.0076788 0.0108010 0.0264159 0.0000000 0.0076788 0.0281852 0.0077382 0.1203554 0.0186446 
b19_is32|ITS|LT223151.1      0.0076788 0.0000010 0.0562772 0.0257655 0.0125833 0.0159567 0.0200772 0.0200772 0.0201083 0.0000010 0.0000010 0.0030678 0.0180458 0.0076788 0.0000000 0.0202335 0.0000010 0.1127081 0.0108111 
fr2011127|ITS|KR782306.1     0.0280972 0.0208836 0.0615573 0.0000010 0.0000010 0.0000010 0.0000010 0.0000010 0.0000022 0.0201707 0.0201707 0.0233850 0.0000010 0.0281852 0.0202335 0.0000000 0.0201707 0.1170057 0.0298038 
fr2011123|ITS|KR782302.1     0.0077143 0.0000010 0.0565501 0.0255772 0.0125833 0.0159567 0.0201707 0.0201707 0.0202020 0.0000010 0.0000010 0.0030819 0.0180458 0.0077382 0.0000010 0.0201707 0.0000000 0.1132981 0.0108614 
btorosusitsgm|ITS|KR782312.1 0.1199365 0.1081371 0.1151969 0.1876131 0.0656464 0.1253919 0.1159917 0.1159917 0.1143512 0.1123182 0.1123182 0.1163952 0.1186915 0.1203554 0.1127081 0.1170057 0.1132981 0.0000000 0.1242137 
uf503|ITS|HM347664.1         0.0185869 0.0111553 0.0647866 0.0255772 0.0125833 0.0159567 0.0295722 0.0295722 0.0296183 0.0107777 0.0107777 0.0139226 0.0180458 0.0186446 0.0108111 0.0298038 0.0108614 0.1242137 0.0000000 
