34
inaturalist_184408184|ITS|PX064148.1                         0.0000000 0.1060398 0.0090219 0.0018573 0.1047456 0.0060430 0.1060398 0.1100125 0.1139041 0.0817011 0.1043555 0.1043555 0.2771070 0.0091417 0.1537265 0.1500137 0.1008638 0.1199902 0.1245030 0.1045691 0.1006795 0.1026230 0.1045691 0.1045691 0.0943729 0.1037668 0.0017536 0.0091417 0.0292474 0.0737560 0.0837040 0.1024359 0.0061442 0.0731833 
omdl_inat_173093835|ITS|PV995574.1                           0.1060398 0.0000000 0.0925910 0.0978526 0.0301741 0.1154003 0.0000010 0.0325416 0.0300504 0.0263736 0.0300788 0.0300788 0.2612462 0.1170738 0.0604271 0.0592014 0.1351483 0.1665180 0.1739852 0.1422006 0.1348858 0.1353204 0.1350571 0.1350571 0.1276871 0.0000023 0.0991331 0.1170738 0.1137786 0.0018682 0.0000010 0.1374265 0.1086624 0.0270974 
flas_f_61189|ITS|MH211799.1                                  0.0090219 0.0925910 0.0000000 0.0091341 0.0957995 0.0017754 0.0925910 0.0980064 0.0980064 0.0918922 0.0955914 0.0955914 0.2174317 0.0000010 0.1242596 0.1242596 0.0949795 0.0752306 0.0747223 0.0995605 0.0947754 0.0947754 0.0970585 0.0970585 0.0541786 0.0900300 0.0085120 0.0000010 0.0186146 0.0865985 0.0914612 0.0945721 0.0127574 0.0884516 
flas_f_61008|ITS|MH016943.1                                  0.0018573 0.0978526 0.0091341 0.0000000 0.0982994 0.0056320 0.0978526 0.1049173 0.1087949 0.0689298 0.0978526 0.0978526 0.2315840 0.0094864 0.1419023 0.1377386 0.0977423 0.1256920 0.1302132 0.0999285 0.0975213 0.0999285 0.0999285 0.0999285 0.0987332 0.0949047 0.0000010 0.0094864 0.0295041 0.0619960 0.0687924 0.0999285 0.0095186 0.0456185 
flas_f_60742|ITS|MH016833.1                                  0.1047456 0.0301741 0.0957995 0.0982994 0.0000000 0.1141483 0.0301741 0.0364501 0.0338569 0.0266430 0.0000010 0.0000010 0.2946368 0.1158373 0.0749433 0.0735014 0.1411873 0.1658335 0.1732345 0.1483957 0.1409091 0.1438029 0.1459510 0.1459510 0.1273624 0.0285000 0.1001038 0.1158373 0.1196879 0.0318189 0.0359693 0.1435183 0.1069442 0.0314438 
omdl_inat_224205437|ITS|PV708614.1                           0.0060430 0.1154003 0.0017754 0.0056320 0.1141483 0.0000000 0.1154003 0.1197847 0.1235766 0.0920941 0.1137163 0.1137163 0.2934645 0.0030056 0.1650062 0.1609599 0.1099886 0.1256920 0.1302132 0.1137499 0.1097846 0.1117660 0.1137499 0.1137499 0.0987332 0.1130479 0.0053125 0.0030056 0.0371849 0.0840735 0.0943764 0.1115592 0.0124617 0.0834163 
omdl_inat_174588949|ITS|OR824533.1                           0.1060398 0.0000010 0.0925910 0.0978526 0.0301741 0.1154003 0.0000000 0.0325416 0.0300504 0.0263736 0.0300788 0.0300788 0.2612462 0.1170738 0.0604271 0.0592014 0.1351483 0.1665180 0.1739852 0.1422006 0.1348858 0.1353204 0.1350571 0.1350571 0.1276871 0.0000023 0.0991331 0.1170738 0.1137786 0.0018682 0.0000010 0.1374265 0.1086624 0.0270974 
jlf10967_az|ITS|PV197726.1                                   0.1100125 0.0325416 0.0980064 0.1049173 0.0364501 0.1197847 0.0325416 0.0000000 0.0046893 0.0018075 0.0363889 0.0363889 0.2790829 0.1215048 0.0634313 0.0634313 0.1478718 0.2057825 0.2146880 0.1553458 0.1475721 0.1505984 0.1528127 0.1528127 0.1538037 0.0326474 0.1058639 0.1215048 0.1221825 0.0273520 0.0272456 0.1502919 0.1050689 0.0191017 
mo509148|ITS|OR614822.1                                      0.1139041 0.0300504 0.0980064 0.1087949 0.0338569 0.1235766 0.0300504 0.0046893 0.0000000 0.0018075 0.0337481 0.0337481 0.2924579 0.1252553 0.0629878 0.0616935 0.1537939 0.2151323 0.2235690 0.1611969 0.1534874 0.1565079 0.1586905 0.1586905 0.1635817 0.0301457 0.1095072 0.1252553 0.1221825 0.0273520 0.0272456 0.1561948 0.1113317 0.0192487 
mo509147|ITS|OR336179.1                                      0.0817011 0.0263736 0.0918922 0.0689298 0.0266430 0.0920941 0.0263736 0.0018075 0.0018075 0.0000000 0.0265924 0.0265924 0.2240909 0.0941134 0.0479307 0.0479307 0.1248806 0.1312939 0.1303479 0.1298285 0.1245944 0.1245944 0.1270605 0.1270605 0.0928075 0.0264734 0.0695494 0.0941134 0.0992558 0.0255630 0.0260754 0.1243090 0.0796083 0.0203860 
s.d._russell_inaturalist_15093221|ITS|OP541787.1             0.1043555 0.0300788 0.0955914 0.0978526 0.0000010 0.1137163 0.0300788 0.0363889 0.0337481 0.0265924 0.0000000 0.0000010 0.2946368 0.1154003 0.0749433 0.0733730 0.1430412 0.1706863 0.1781187 0.1502537 0.1427598 0.1456622 0.1478081 0.1478081 0.1312285 0.0284101 0.0996703 0.1154003 0.1196879 0.0318189 0.0358976 0.1453744 0.1069442 0.0314438 
s.d._russell_nama2018_ms_inaturalist_13895309|ITS|OP541648.1 0.1043555 0.0300788 0.0955914 0.0978526 0.0000010 0.1137163 0.0300788 0.0363889 0.0337481 0.0265924 0.0000010 0.0000000 0.2946368 0.1154003 0.0749433 0.0733730 0.1430412 0.1706863 0.1781187 0.1502537 0.1427598 0.1456622 0.1478081 0.1478081 0.1312285 0.0284101 0.0996703 0.1154003 0.1196879 0.0318189 0.0358976 0.1453744 0.1069442 0.0314438 
mes_881_flas_f_59142|ITS|ON383432.1                          0.2771070 0.2612462 0.2174317 0.2315840 0.2946368 0.2934645 0.2612462 0.2790829 0.2924579 0.2240909 0.2946368 0.2946368 0.0000000 0.2994612 0.2375089 0.2375089 0.2407533 0.2747760 0.2767589 0.2492068 0.2452494 0.2498211 0.2492068 0.2492068 0.2011108 0.2518784 0.2513831 0.2994612 0.2616511 0.1876295 0.1772292 0.2525426 0.2856274 0.2125795 
flas                                                         0.0091417 0.1170738 0.0000010 0.0094864 0.1158373 0.0030056 0.1170738 0.1215048 0.1252553 0.0941134 0.1154003 0.1154003 0.2994612 0.0000000 0.1666681 0.1625993 0.1149369 0.1390937 0.1436905 0.1187368 0.1147214 0.1167279 0.1187368 0.1187368 0.1086449 0.1147214 0.0089434 0.0000010 0.0393354 0.0865985 0.0964344 0.1165097 0.0141042 0.0859214 
bts031j|ITS|OL960532.1                                       0.1537265 0.0604271 0.1242596 0.1419023 0.0749433 0.1650062 0.0604271 0.0634313 0.0629878 0.0479307 0.0749433 0.0749433 0.2375089 0.1666681 0.0000000 0.0000010 0.1615345 0.2021149 0.2108497 0.1692937 0.1612002 0.1643966 0.1666681 0.1666681 0.1515839 0.0606361 0.1407455 0.1666681 0.1595664 0.0470638 0.0446564 0.1640548 0.1585829 0.0511207 
tns_f_37407|ITS|OL960531.1                                   0.1500137 0.0592014 0.1242596 0.1377386 0.0735014 0.1609599 0.0592014 0.0634313 0.0616935 0.0479307 0.0733730 0.0733730 0.2375089 0.1625993 0.0000010 0.0000000 0.1601387 0.1959732 0.2041085 0.1677183 0.1598144 0.1629316 0.1651529 0.1651529 0.1491303 0.0594021 0.1368500 0.1625993 0.1595664 0.0470638 0.0446564 0.1625993 0.1585372 0.0511207 
mg829|ITS|OL960530.1                                         0.1008638 0.1351483 0.0949795 0.0977423 0.1411873 0.1099886 0.1351483 0.1478718 0.1537939 0.1248806 0.1430412 0.1430412 0.2407533 0.1149369 0.1615345 0.1601387 0.0000000 0.0000010 0.0000025 0.0000030 0.0000023 0.0000023 0.0015009 0.0015009 0.0000010 0.1302866 0.1009853 0.1149369 0.1175166 0.1146414 0.1124446 0.0000030 0.1028337 0.1124034 
mg637|ITS|OL960529.1                                         0.1199902 0.1665180 0.0752306 0.1256920 0.1658335 0.1256920 0.1665180 0.2057825 0.2151323 0.1312939 0.1706863 0.1706863 0.2747760 0.1390937 0.2021149 0.1959732 0.0000010 0.0000000 0.0000025 0.0000025 0.0000010 0.0000025 0.0000025 0.0000025 0.0000010 0.1584186 0.1256920 0.1390937 0.1342896 0.0954801 0.0962213 0.0000025 0.1219598 0.0573070 
mg558|ITS|OL960528.1                                         0.1245030 0.1739852 0.0747223 0.1302132 0.1732345 0.1302132 0.1739852 0.2146880 0.2235690 0.1303479 0.1781187 0.1781187 0.2767589 0.1436905 0.2108497 0.2041085 0.0000025 0.0000025 0.0000000 0.0038572 0.0000025 0.0000025 0.0000025 0.0000025 0.0000025 0.1656378 0.1302132 0.1436905 0.1334008 0.0947857 0.0956072 0.0000025 0.1265271 0.0563868 
gs1275|ITS|OL960527.1                                        0.1045691 0.1422006 0.0995605 0.0999285 0.1483957 0.1137499 0.1422006 0.1553458 0.1611969 0.1298285 0.1502537 0.1502537 0.2492068 0.1187368 0.1692937 0.1677183 0.0000030 0.0000025 0.0038572 0.0000000 0.0014984 0.0045129 0.0060239 0.0060239 0.0000025 0.1372492 0.1030456 0.1187368 0.1221811 0.1196317 0.1149449 0.0045061 0.1066071 0.1172880 
gs1001|ITS|OL960526.1                                        0.1006795 0.1348858 0.0947754 0.0975213 0.1409091 0.1097846 0.1348858 0.1475721 0.1534874 0.1245944 0.1427598 0.1427598 0.2452494 0.1147214 0.1612002 0.1598144 0.0000023 0.0000010 0.0000025 0.0014984 0.0000000 0.0000030 0.0014984 0.0014984 0.0000010 0.1300356 0.1007696 0.1147214 0.1172618 0.1143754 0.1121821 0.0000023 0.1026421 0.1121481 
ab_b15_271|ITS|OL960525.1                                    0.1026230 0.1353204 0.0947754 0.0999285 0.1438029 0.1117660 0.1353204 0.1505984 0.1565079 0.1245944 0.1456622 0.1456622 0.2498211 0.1167279 0.1643966 0.1629316 0.0000023 0.0000025 0.0000025 0.0045129 0.0000030 0.0000000 0.0000023 0.0000023 0.0000025 0.1304465 0.1030456 0.1167279 0.1172618 0.1116338 0.1096922 0.0000023 0.1046234 0.1121481 
ab_b15_254|ITS|OL960524.1                                    0.1045691 0.1350571 0.0970585 0.0999285 0.1459510 0.1137499 0.1350571 0.1528127 0.1586905 0.1270605 0.1478081 0.1478081 0.2492068 0.1187368 0.1666681 0.1651529 0.0015009 0.0000025 0.0000025 0.0060239 0.0014984 0.0000023 0.0000000 0.0000010 0.0000025 0.1301941 0.1030456 0.1187368 0.1195870 0.1113761 0.1094371 0.0014933 0.1066071 0.1145826 
ab_b11_03|ITS|OL960523.1                                     0.1045691 0.1350571 0.0970585 0.0999285 0.1459510 0.1137499 0.1350571 0.1528127 0.1586905 0.1270605 0.1478081 0.1478081 0.2492068 0.1187368 0.1666681 0.1651529 0.0015009 0.0000025 0.0000025 0.0060239 0.0014984 0.0000023 0.0000010 0.0000000 0.0000025 0.1301941 0.1030456 0.1187368 0.1195870 0.1113761 0.1094371 0.0014933 0.1066071 0.1145826 
ib_19800750|ITS|OL960522.1                                   0.0943729 0.1276871 0.0541786 0.0987332 0.1273624 0.0987332 0.1276871 0.1538037 0.1635817 0.0928075 0.1312285 0.1312285 0.2011108 0.1086449 0.1515839 0.1491303 0.0000010 0.0000010 0.0000025 0.0000025 0.0000010 0.0000025 0.0000025 0.0000025 0.0000000 0.1219762 0.0987332 0.1086449 0.0972412 0.0673377 0.0704371 0.0000025 0.0956341 0.0391045 
to_avbb11|ITS|OL960518.1                                     0.1037668 0.0000023 0.0900300 0.0949047 0.0285000 0.1130479 0.0000023 0.0326474 0.0301457 0.0264734 0.0284101 0.0284101 0.2518784 0.1147214 0.0606361 0.0594021 0.1302866 0.1584186 0.1656378 0.1372492 0.1300356 0.1304465 0.1301941 0.1301941 0.1219762 0.0000000 0.0965373 0.1147214 0.1110562 0.0018753 0.0000029 0.1325341 0.1063225 0.0271497 
flas_f_61008|ITS|OL960516.1                                  0.0017536 0.0991331 0.0085120 0.0000010 0.1001038 0.0053125 0.0991331 0.1058639 0.1095072 0.0695494 0.0996703 0.0996703 0.2513831 0.0089434 0.1407455 0.1368500 0.1009853 0.1256920 0.1302132 0.1030456 0.1007696 0.1030456 0.1030456 0.1030456 0.0987332 0.0965373 0.0000000 0.0089434 0.0275056 0.0655802 0.0718242 0.1030456 0.0089712 0.0530917 
flas_f_59142|ITS|OL960515.1                                  0.0091417 0.1170738 0.0000010 0.0094864 0.1158373 0.0030056 0.1170738 0.1215048 0.1252553 0.0941134 0.1154003 0.1154003 0.2994612 0.0000010 0.1666681 0.1625993 0.1149369 0.1390937 0.1436905 0.1187368 0.1147214 0.1167279 0.1187368 0.1187368 0.1086449 0.1147214 0.0089434 0.0000000 0.0393354 0.0865985 0.0964344 0.1165097 0.0141042 0.0859214 
cfmr                                                         0.0292474 0.1137786 0.0186146 0.0295041 0.1196879 0.0371849 0.1137786 0.1221825 0.1221825 0.0992558 0.1196879 0.1196879 0.2616511 0.0393354 0.1595664 0.1595664 0.1175166 0.1342896 0.1334008 0.1221811 0.1172618 0.1172618 0.1195870 0.1195870 0.0972412 0.1110562 0.0275056 0.0393354 0.0000000 0.0713300 0.0966443 0.1170083 0.0273318 0.0867352 
jlf2548|ITS|KC812303.1                                       0.0737560 0.0018682 0.0865985 0.0619960 0.0318189 0.0840735 0.0018682 0.0273520 0.0273520 0.0255630 0.0318189 0.0318189 0.1876295 0.0865985 0.0470638 0.0470638 0.1146414 0.0954801 0.0947857 0.1196317 0.1143754 0.1116338 0.1113761 0.1113761 0.0673377 0.0018753 0.0655802 0.0865985 0.0713300 0.0000000 0.0019669 0.1141106 0.0737560 0.0292473 
tenn_067311|ITS|KT002601.1                                   0.0837040 0.0000010 0.0914612 0.0687924 0.0359693 0.0943764 0.0000010 0.0272456 0.0272456 0.0260754 0.0358976 0.0358976 0.1772292 0.0964344 0.0446564 0.0446564 0.1124446 0.0962213 0.0956072 0.1149449 0.1121821 0.1096922 0.1094371 0.1094371 0.0704371 0.0000029 0.0718242 0.0964344 0.0966443 0.0019669 0.0000000 0.1121821 0.0815653 0.0240268 
fr2011120|ITS|KR782301.1                                     0.1024359 0.1374265 0.0945721 0.0999285 0.1435183 0.1115592 0.1374265 0.1502919 0.1561948 0.1243090 0.1453744 0.1453744 0.2525426 0.1165097 0.1640548 0.1625993 0.0000030 0.0000025 0.0000025 0.0045061 0.0000023 0.0000023 0.0014933 0.0014933 0.0000025 0.1325341 0.1030456 0.1165097 0.1170083 0.1141106 0.1121821 0.0000000 0.1044292 0.1118937 
bd368|ITS|JN020981.1                                         0.0061442 0.1086624 0.0127574 0.0095186 0.1069442 0.0124617 0.1086624 0.1050689 0.1113317 0.0796083 0.1069442 0.1069442 0.2856274 0.0141042 0.1585829 0.1585372 0.1028337 0.1219598 0.1265271 0.1066071 0.1026421 0.1046234 0.1066071 0.1066071 0.0956341 0.1063225 0.0089712 0.0141042 0.0273318 0.0737560 0.0815653 0.1044292 0.0000000 0.0718549 
mhm069|ITS|EU569285.1                                        0.0731833 0.0270974 0.0884516 0.0456185 0.0314438 0.0834163 0.0270974 0.0191017 0.0192487 0.0203860 0.0314438 0.0314438 0.2125795 0.0859214 0.0511207 0.0511207 0.1124034 0.0573070 0.0563868 0.1172880 0.1121481 0.1121481 0.1145826 0.1145826 0.0391045 0.0271497 0.0530917 0.0859214 0.0867352 0.0292473 0.0240268 0.1118937 0.0718549 0.0000000 
