7
zgcsn180_holotype|ITS|OQ633210.1 0.0000000 0.2193415 0.2174623 0.2041776 0.2162741 0.1630623 0.2179168 
fw18_2022|ITS|OP643785.1         0.2193415 0.0000000 0.0076508 0.0114455 0.0076857 0.0095348 0.0492934 
flor_68471|ITS|OM068909.1        0.2174623 0.0076508 0.0000000 0.0032523 0.0000010 0.0047483 0.0493035 
vies_9901329|ITS|OM068908.1      0.2041776 0.0114455 0.0032523 0.0000000 0.0032680 0.0047483 0.0531669 
acm1138|ITS|OM068907.1           0.2162741 0.0076857 0.0000010 0.0032680 0.0000000 0.0047820 0.0493035 
vies_9901328|ITS|OM068906.1      0.1630623 0.0095348 0.0047483 0.0047483 0.0047820 0.0000000 0.0273988 
th9209|ITS|JQ751261.1            0.2179168 0.0492934 0.0493035 0.0531669 0.0493035 0.0273988 0.0000000 
