121
Rubroboletus_001 0.0000000 0.1801064 0.2438831 0.1801933 0.1893485 0.1850672 0.1805961 0.1826518 0.1826518 0.1914020 0.1071792 0.1080983 0.2109275 0.2109275 0.1921580 0.1921580 0.2326787 0.1821114 0.1875413 0.2121825 0.1402313 0.1984303 0.2075630 0.2075630 0.9248215 0.1748778 0.2101879 0.2001555 0.4074804 0.2034960 0.1914020 0.1914020 0.1854509 0.1894985 0.1946077 0.2326787 0.1826518 0.1853805 0.2009753 0.1921580 0.1902350 0.1871903 0.1964794 0.1916118 0.1976680 0.1899702 0.1875413 0.1914201 0.1896949 0.1839664 0.9819958 0.2078571 0.2019227 0.2034727 0.1613029 0.1471371 0.1784866 0.1917298 0.1826518 0.2054920 0.1978812 0.1826518 0.1900073 0.1918705 0.2034727 0.2059793 0.1850087 0.1895920 0.1906615 0.2034727 0.1925642 0.1925642 0.1976680 0.1845952 0.1946496 0.2154344 0.2154344 0.1946090 0.2066135 0.1875413 0.1797936 0.1914042 0.1877755 0.2107128 0.2054920 0.2010192 0.1827356 0.1825638 0.1279251 0.1984303 0.1988756 0.1988756 0.1988756 0.2041148 0.2041148 0.1984303 0.1194078 0.1934791 0.1857506 0.1857506 0.1874452 0.1726542 0.1709876 0.1805088 0.1829414 0.1639863 0.1693719 0.2023562 0.1845952 0.3033007 0.1921580 0.2043577 0.1933490 0.1914042 0.1753922 0.2019965 0.1921580 0.1860921 0.2201833 0.2098006 0.1563719 
Rubroboletus_002 0.1801064 0.0000000 0.2328374 0.0057703 0.0473139 0.0220726 0.0266892 0.0266447 0.0266447 0.0294633 0.0127886 0.0099916 0.1179162 0.1179162 0.0510680 0.0509283 0.1284874 0.0043487 0.0235892 0.1299929 0.1116213 0.0394039 0.1154190 0.1154190 0.9110474 0.0866388 0.0604906 0.0314015 0.3117799 0.0367152 0.0301447 0.0301447 0.0221046 0.0138032 0.0317951 0.1284874 0.0268388 0.0254382 0.1249577 0.0510680 0.0995080 0.0527829 0.0287315 0.1009407 0.1043659 0.0494900 0.0235892 0.0226214 0.0530130 0.0101848 0.9701914 0.1246784 0.1202800 0.1230578 0.0172438 0.0241640 0.0015144 0.0294359 0.0228251 0.1035443 0.0527373 0.0256802 0.0336765 0.1010475 0.1228665 0.1248198 0.0495397 0.0494139 0.0961378 0.1228665 0.0281626 0.0281626 0.1043660 0.0511092 0.1022638 0.1176929 0.1176929 0.0338920 0.0419043 0.0225327 0.0264154 0.0928875 0.0940222 0.1033580 0.1035443 0.0410069 0.0284837 0.0248104 0.0213842 0.0394568 0.0395244 0.0411325 0.0395244 0.0361045 0.0361045 0.0394039 0.0199420 0.0275676 0.0254765 0.0254765 0.0216797 0.0188397 0.0254245 0.0282314 0.0290012 0.0239016 0.0231717 0.1060776 0.0511092 0.1997817 0.0567159 0.1285717 0.0250473 0.0928875 0.0888545 0.0288838 0.0486574 0.0043250 0.0729257 0.1260314 0.0695257 
Rubroboletus_003 0.2438831 0.2328374 0.0000000 0.2307682 0.1590470 0.2325888 0.2361199 0.2355381 0.2355381 0.2480022 0.1503590 0.1502287 0.2680754 0.2680754 0.2463906 0.2483487 0.2793679 0.2272597 0.2325888 0.2706939 0.2069341 0.2456113 0.2590166 0.2590166 1.0457069 0.2505388 0.2486425 0.2380546 0.4071991 0.2636772 0.2494494 0.2494494 0.2302479 0.2383532 0.2534180 0.2793679 0.2381985 0.2345320 0.2721630 0.2463906 0.2478409 0.2376479 0.2417926 0.2477550 0.2571295 0.2410744 0.2325888 0.2398066 0.2430218 0.2346933 1.1485234 0.2839650 0.2764135 0.2537567 0.2053684 0.2339016 0.2149003 0.2544797 0.2352450 0.2673027 0.2540902 0.2407697 0.2502960 0.2506718 0.2532103 0.2561660 0.2353293 0.2433979 0.2495338 0.2532103 0.2354128 0.2354128 0.2577467 0.2377050 0.2539884 0.2583668 0.2583668 0.2533205 0.2538735 0.2371459 0.2332591 0.2254852 0.2673027 0.2740824 0.2673027 0.2486287 0.2394093 0.2322207 0.1874854 0.2461318 0.2461318 0.2491566 0.2461318 0.2354128 0.2354128 0.2456113 0.1828819 0.2447489 0.2345320 0.2345320 0.2230212 0.2067322 0.2139522 0.2361199 0.2430680 0.2093423 0.2119302 0.2577467 0.2377050 0.4046323 0.2489128 0.2727562 0.2341001 0.2254852 0.2173622 0.2437332 0.2365375 0.2371186 0.2717495 0.2712829 0.2403773 
Rubroboletus_004 0.1801933 0.0057703 0.2307682 0.0000000 0.0471313 0.0205648 0.0251621 0.0251202 0.0251202 0.0280019 0.0127886 0.0099916 0.1166512 0.1166512 0.0527161 0.0525716 0.1272147 0.0043471 0.0220760 0.1286729 0.1116729 0.0378213 0.1136853 0.1136853 0.9272979 0.0895213 0.0605011 0.0297760 0.3151492 0.0352978 0.0287266 0.0287266 0.0205946 0.0138054 0.0303760 0.1272147 0.0253029 0.0255663 0.1257179 0.0527161 0.0957263 0.0544393 0.0271704 0.1009829 0.1044096 0.0511343 0.0220760 0.0210753 0.0546772 0.0101863 0.9617367 0.1254775 0.1210450 0.1217631 0.0154841 0.0241640 0.0030422 0.0278355 0.0212647 0.1042173 0.0544425 0.0241262 0.0320877 0.1010897 0.1215731 0.1235319 0.0511856 0.0510555 0.0961781 0.1215731 0.0266336 0.0266336 0.1044096 0.0527587 0.1023064 0.1163679 0.1163679 0.0322928 0.0402794 0.0209928 0.0248156 0.0903747 0.0943206 0.1060029 0.1042173 0.0394182 0.0269366 0.0215698 0.0236730 0.0378719 0.0379367 0.0395387 0.0379367 0.0345391 0.0345391 0.0378213 0.0223047 0.0277100 0.0256050 0.0256050 0.0184634 0.0155972 0.0220995 0.0266985 0.0274252 0.0205777 0.0197253 0.1061220 0.0527587 0.2011644 0.0584042 0.1334177 0.0251127 0.0903747 0.0861275 0.0273143 0.0485219 0.0043235 0.0746927 0.1247174 0.0695257 
Rubroboletus_005 0.1893485 0.0473139 0.1590470 0.0471313 0.0000000 0.0447340 0.0471313 0.0471313 0.0471313 0.0553653 0.0134328 0.0134328 0.1074687 0.1074687 0.0042212 0.0042212 0.1156765 0.0449871 0.0471027 0.0762580 0.1087663 0.0574442 0.0995353 0.0995353 0.9883631 0.0679936 0.0451964 0.0559668 0.2526953 0.0659076 0.0553653 0.0553653 0.0495805 0.0535302 0.0580689 0.1156765 0.0471313 0.0525313 0.0685742 0.0042212 0.0912762 0.0260728 0.0521229 0.0960235 0.0958171 0.0021098 0.0471027 0.0463361 0.0042299 0.0474818 0.8549991 0.0910155 0.0851978 0.0711245 0.0465067 0.0307604 0.0449200 0.0538435 0.0471313 0.1090939 0.0044020 0.0471313 0.0545170 0.0961719 0.0711245 0.0711245 0.0260655 0.0042212 0.0912348 0.0711245 0.0519069 0.0519069 0.0958171 0.0260655 0.0928037 0.1185400 0.1185400 0.0518509 0.0618105 0.0471027 0.0455171 0.1055940 0.0972034 0.1091322 0.1090939 0.0574442 0.0503325 0.0519265 0.0283458 0.0574442 0.0575928 0.0575928 0.0575928 0.0621445 0.0621445 0.0574442 0.0124207 0.0566664 0.0525313 0.0525313 0.0471027 0.0472076 0.0495296 0.0496553 0.0520430 0.0521482 0.0535358 0.0956070 0.0260655 0.1459003 0.0042212 0.1233861 0.0514122 0.1055940 0.1130277 0.0537469 0.0042212 0.0474084 0.0312633 0.0720152 0.0625145 
Rubroboletus_006 0.1850672 0.0220726 0.2325888 0.0205648 0.0447340 0.0000000 0.0101258 0.0101092 0.0101092 0.0295396 0.0180218 0.0150841 0.1065053 0.1065053 0.0443763 0.0458804 0.1246431 0.0176660 0.0014272 0.1262411 0.1137259 0.0345465 0.1112585 0.1112585 0.9312158 0.0890838 0.0516111 0.0200526 0.3187793 0.0352057 0.0286532 0.0286532 0.0028650 0.0232467 0.0302979 0.1246431 0.0101810 0.0239592 0.1213541 0.0443763 0.0936169 0.0460511 0.0178385 0.1024939 0.0984477 0.0428196 0.0014272 0.0000010 0.0462493 0.0191035 0.9367933 0.1190125 0.1146662 0.1194597 0.0102485 0.0319147 0.0154693 0.0136153 0.0104508 0.0978643 0.0458104 0.0103309 0.0179424 0.1026022 0.1192743 0.1212201 0.0428620 0.0427544 0.0958459 0.1192743 0.0174919 0.0174919 0.0984477 0.0444115 0.0963867 0.1140507 0.1140507 0.0290047 0.0369087 0.0014559 0.0106182 0.0928012 0.0879995 0.0998420 0.0978643 0.0361251 0.0116974 0.0137174 0.0126752 0.0345924 0.0346511 0.0362348 0.0346511 0.0251454 0.0251454 0.0345465 0.0154150 0.0260555 0.0239953 0.0239953 0.0045313 0.0015306 0.0140495 0.0115966 0.0134191 0.0125231 0.0130272 0.1001442 0.0444115 0.2054705 0.0514997 0.1329587 0.0170299 0.0928012 0.0915359 0.0179315 0.0467882 0.0221012 0.0656712 0.1243731 0.0717788 
Rubroboletus_007 0.1805961 0.0266892 0.2361199 0.0251621 0.0471313 0.0101258 0.0000000 0.0000029 0.0000029 0.0312248 0.0154385 0.0125636 0.1067603 0.1067603 0.0428628 0.0443686 0.1229140 0.0222517 0.0115945 0.1265564 0.1161437 0.0330316 0.1115366 0.1115366 0.9140394 0.0843159 0.0500203 0.0248779 0.3056475 0.0368881 0.0302842 0.0302842 0.0130849 0.0281207 0.0319431 0.1229140 0.0000030 0.0286735 0.1216459 0.0428628 0.0882361 0.0445337 0.0224705 0.1008700 0.0930613 0.0413067 0.0115945 0.0103734 0.0447254 0.0236918 0.9370061 0.1193017 0.1149433 0.1197468 0.0016917 0.0319910 0.0202736 0.0029880 0.0000020 0.0961401 0.0442487 0.0000030 0.0073842 0.1009765 0.1195605 0.1215113 0.0413476 0.0412433 0.0923256 0.1195605 0.0190236 0.0190236 0.0930614 0.0428969 0.0910294 0.1143335 0.1143335 0.0274669 0.0353569 0.0118325 0.0000020 0.0928610 0.0842493 0.0981757 0.0961401 0.0346065 0.0014436 0.0030099 0.0084277 0.0330754 0.0331320 0.0347119 0.0331320 0.0267304 0.0267304 0.0330316 0.0154546 0.0308982 0.0287170 0.0287170 0.0153426 0.0108640 0.0046308 0.0014323 0.0029455 0.0030960 0.0032191 0.0947508 0.0428969 0.2060154 0.0499598 0.1332760 0.0218490 0.0928610 0.0888268 0.0225887 0.0451928 0.0267240 0.0623575 0.1246793 0.0650729 
Rubroboletus_008 0.1826518 0.0266447 0.2355381 0.0251202 0.0471313 0.0101092 0.0000029 0.0000000 0.0000010 0.0311699 0.0153942 0.0125277 0.1084952 0.1084952 0.0427891 0.0442924 0.1226700 0.0222144 0.0115754 0.1263055 0.1159044 0.0329758 0.1113153 0.1113153 0.9109669 0.0841024 0.0499300 0.0248344 0.3082424 0.0368241 0.0302325 0.0302325 0.0130633 0.0280712 0.0318882 0.1226700 0.0000010 0.0286247 0.1214138 0.0427891 0.0880729 0.0444569 0.0224328 0.1006825 0.0928899 0.0412353 0.0115754 0.0103559 0.0446479 0.0236523 0.9450555 0.1190716 0.1147228 0.1195184 0.0016885 0.0319225 0.0202377 0.0029829 0.0000010 0.0959504 0.0441702 0.0000010 0.0073719 0.1007886 0.1193328 0.1212796 0.0412760 0.0411725 0.0921538 0.1193328 0.0189926 0.0189926 0.0928900 0.0428230 0.0908623 0.1141086 0.1141086 0.0274198 0.0352957 0.0118126 0.0000020 0.0928610 0.0840814 0.0979885 0.0959504 0.0345479 0.0014412 0.0030048 0.0084073 0.0330194 0.0330754 0.0346525 0.0330754 0.0266858 0.0266858 0.0329758 0.0154150 0.0308443 0.0286681 0.0286681 0.0153158 0.0108448 0.0046228 0.0014291 0.0029406 0.0030905 0.0032133 0.0945764 0.0428230 0.2055719 0.0498723 0.1329947 0.0218109 0.0928610 0.0888268 0.0225505 0.0451114 0.0266795 0.0622459 0.1244357 0.0649202 
Rubroboletus_009 0.1826518 0.0266447 0.2355381 0.0251202 0.0471313 0.0101092 0.0000029 0.0000010 0.0000000 0.0311699 0.0153942 0.0125277 0.1084952 0.1084952 0.0427891 0.0442924 0.1226700 0.0222144 0.0115754 0.1263055 0.1159044 0.0329758 0.1113153 0.1113153 0.9109669 0.0841024 0.0499300 0.0248344 0.3082424 0.0368241 0.0302325 0.0302325 0.0130633 0.0280712 0.0318882 0.1226700 0.0000010 0.0286247 0.1214138 0.0427891 0.0880729 0.0444569 0.0224328 0.1006825 0.0928899 0.0412353 0.0115754 0.0103559 0.0446479 0.0236523 0.9450555 0.1190716 0.1147228 0.1195184 0.0016885 0.0319225 0.0202377 0.0029829 0.0000010 0.0959504 0.0441702 0.0000010 0.0073719 0.1007886 0.1193328 0.1212796 0.0412760 0.0411725 0.0921538 0.1193328 0.0189926 0.0189926 0.0928900 0.0428230 0.0908623 0.1141086 0.1141086 0.0274198 0.0352957 0.0118126 0.0000020 0.0928610 0.0840814 0.0979885 0.0959504 0.0345479 0.0014412 0.0030048 0.0084073 0.0330194 0.0330754 0.0346525 0.0330754 0.0266858 0.0266858 0.0329758 0.0154150 0.0308443 0.0286681 0.0286681 0.0153158 0.0108448 0.0046228 0.0014291 0.0029406 0.0030905 0.0032133 0.0945764 0.0428230 0.2055719 0.0498723 0.1329947 0.0218109 0.0928610 0.0888268 0.0225505 0.0451114 0.0266795 0.0622459 0.1244357 0.0649202 
Rubroboletus_010 0.1914020 0.0294633 0.2480022 0.0280019 0.0553653 0.0295396 0.0312248 0.0311699 0.0311699 0.0000000 0.0025020 0.0000010 0.1099862 0.1099862 0.0571711 0.0570057 0.1194924 0.0265668 0.0311572 0.1261364 0.1171297 0.0515688 0.1198585 0.1198585 0.8815437 0.0937842 0.0617646 0.0398855 0.3227636 0.0059547 0.0000010 0.0000010 0.0328252 0.0328285 0.0014736 0.1194924 0.0311699 0.0365500 0.1230554 0.0571711 0.0924176 0.0555072 0.0379153 0.0984132 0.1000474 0.0555013 0.0311572 0.0303166 0.0592747 0.0313174 0.9128710 0.1186267 0.1140964 0.1208792 0.0228418 0.0321493 0.0237453 0.0353619 0.0296676 0.0974274 0.0591478 0.0311699 0.0395633 0.0985219 0.1208792 0.1229137 0.0520876 0.0554112 0.0932216 0.1208792 0.0377061 0.0377061 0.1000474 0.0537397 0.0978715 0.1158514 0.1158514 0.0459157 0.0544626 0.0312060 0.0292940 0.0995134 0.0875066 0.1023008 0.0974274 0.0533006 0.0331687 0.0317682 0.0249207 0.0515688 0.0516624 0.0533976 0.0516624 0.0462830 0.0462830 0.0515688 0.0283982 0.0390929 0.0366083 0.0366083 0.0318492 0.0274008 0.0342712 0.0328593 0.0344863 0.0327304 0.0287112 0.1018336 0.0537397 0.1983944 0.0628669 0.1317804 0.0366043 0.0995134 0.0923981 0.0387327 0.0565529 0.0296535 0.0764091 0.1228479 0.0723861 
Rubroboletus_011 0.1071792 0.0127886 0.1503590 0.0127886 0.0134328 0.0180218 0.0154385 0.0153942 0.0153942 0.0025020 0.0000000 0.0025020 0.0701611 0.0701611 0.0317361 0.0317361 0.0691136 0.0128884 0.0180218 0.0870502 0.0660396 0.0206605 0.0797264 0.0797264 0.4858553 0.0732810 0.0515863 0.0262237 0.2409774 0.0025020 0.0025020 0.0025020 0.0180218 0.0153942 0.0025020 0.0691136 0.0153942 0.0264976 0.0870502 0.0317361 0.0580467 0.0317579 0.0234161 0.0551072 0.0580467 0.0289806 0.0180218 0.0180218 0.0346454 0.0153942 0.7026325 0.0808665 0.0741570 0.0870502 0.0154341 0.0237307 0.0128208 0.0208037 0.0153942 0.0611159 0.0317361 0.0153942 0.0180940 0.0551072 0.0870502 0.0902410 0.0263426 0.0289806 0.0523288 0.0870502 0.0233152 0.0233152 0.0580467 0.0262636 0.0580467 0.0597816 0.0597816 0.0206605 0.0206605 0.0180218 0.0153942 0.0468162 0.0611159 0.0611159 0.0611159 0.0233308 0.0153942 0.0180218 0.0154385 0.0206605 0.0206605 0.0206605 0.0206605 0.0233152 0.0233152 0.0206605 0.0264976 0.0264976 0.0264976 0.0264976 0.0206605 0.0180218 0.0180940 0.0154385 0.0180218 0.0155553 0.0078280 0.0580467 0.0262636 0.1837267 0.0317361 0.0703486 0.0234161 0.0468162 0.0468162 0.0234161 0.0317361 0.0154956 0.0345135 0.0912299 0.0552591 
Rubroboletus_012 0.1080983 0.0099916 0.1502287 0.0099916 0.0134328 0.0150841 0.0125636 0.0125277 0.0125277 0.0000010 0.0025020 0.0000000 0.0656474 0.0656474 0.0310968 0.0310968 0.0645131 0.0100676 0.0150841 0.0819508 0.0644900 0.0176518 0.0747317 0.0747317 0.4700056 0.0746510 0.0476691 0.0230367 0.2445566 0.0000010 0.0000010 0.0000010 0.0150841 0.0125277 0.0000010 0.0645131 0.0125277 0.0232712 0.0819508 0.0310968 0.0538972 0.0311177 0.0203201 0.0510432 0.0538972 0.0283989 0.0150841 0.0150841 0.0339422 0.0125277 0.7149258 0.0926313 0.0857659 0.0819508 0.0125595 0.0342394 0.0100161 0.0177710 0.0125277 0.0568696 0.0310968 0.0125277 0.0151428 0.0510432 0.0819508 0.0850440 0.0258135 0.0283989 0.0483360 0.0819508 0.0202349 0.0202349 0.0538972 0.0257379 0.0538972 0.0554689 0.0554689 0.0176518 0.0176518 0.0150841 0.0125277 0.0468162 0.0568696 0.0568696 0.0568696 0.0202481 0.0125277 0.0150841 0.0125636 0.0176518 0.0176518 0.0176518 0.0176518 0.0202349 0.0202349 0.0176518 0.0232712 0.0232712 0.0232712 0.0232712 0.0176518 0.0151926 0.0179262 0.0125636 0.0150841 0.0128175 0.0078280 0.0538972 0.0257379 0.1799447 0.0310968 0.0751502 0.0203201 0.0468162 0.0468162 0.0203201 0.0310968 0.0126081 0.0338147 0.0859496 0.0511805 
Rubroboletus_013 0.2109275 0.1179162 0.2680754 0.1166512 0.1074687 0.1065053 0.1067603 0.1084952 0.1084952 0.1099862 0.0701611 0.0656474 0.0000000 0.0000010 0.1217658 0.1213811 0.0799134 0.1150716 0.1084421 0.1082060 0.1000397 0.1193852 0.0553327 0.0553327 0.9459317 0.1186342 0.1007032 0.1105800 0.3243493 0.1146509 0.1144533 0.1144533 0.1103624 0.1186922 0.1148298 0.0799134 0.1094148 0.1074249 0.1085951 0.1217658 0.0607994 0.1137760 0.1129815 0.0554874 0.0556363 0.1199323 0.1084421 0.1070734 0.1243627 0.1170087 0.9991499 0.0581803 0.0545638 0.1067251 0.0896979 0.0884443 0.1051951 0.1154700 0.1024718 0.0403783 0.1233079 0.1113348 0.1219594 0.0555420 0.1065607 0.1046299 0.1139889 0.1197261 0.0509940 0.1065607 0.1065053 0.1065053 0.0555487 0.1117409 0.0572618 0.0617072 0.0617072 0.1119081 0.1215798 0.1110821 0.1040297 0.0414206 0.0361342 0.0437759 0.0403783 0.1214180 0.1065120 0.1004044 0.0828841 0.1195737 0.1198056 0.1218464 0.1198056 0.1170013 0.1170013 0.1193852 0.0806357 0.1076078 0.1076078 0.1076078 0.1048068 0.0984085 0.1031068 0.1067146 0.1079140 0.0994926 0.1021636 0.0588738 0.1117409 0.2077987 0.1288718 0.1259855 0.1051381 0.0414206 0.0384241 0.1110556 0.1162404 0.1187963 0.1481956 0.1128385 0.0465696 
Rubroboletus_014 0.2109275 0.1179162 0.2680754 0.1166512 0.1074687 0.1065053 0.1067603 0.1084952 0.1084952 0.1099862 0.0701611 0.0656474 0.0000010 0.0000000 0.1217658 0.1213811 0.0799134 0.1150716 0.1084421 0.1082060 0.1000397 0.1193852 0.0553327 0.0553327 0.9459317 0.1186342 0.1007032 0.1105800 0.3243493 0.1146509 0.1144533 0.1144533 0.1103624 0.1186922 0.1148298 0.0799134 0.1094148 0.1074249 0.1085951 0.1217658 0.0607994 0.1137760 0.1129815 0.0554874 0.0556363 0.1199323 0.1084421 0.1070734 0.1243627 0.1170087 0.9991499 0.0581803 0.0545638 0.1067251 0.0896979 0.0884443 0.1051951 0.1154700 0.1024718 0.0403783 0.1233079 0.1113348 0.1219594 0.0555420 0.1065607 0.1046299 0.1139889 0.1197261 0.0509940 0.1065607 0.1065053 0.1065053 0.0555487 0.1117409 0.0572618 0.0617072 0.0617072 0.1119081 0.1215798 0.1110821 0.1040297 0.0414206 0.0361342 0.0437759 0.0403783 0.1214180 0.1065120 0.1004044 0.0828841 0.1195737 0.1198056 0.1218464 0.1198056 0.1170013 0.1170013 0.1193852 0.0806357 0.1076078 0.1076078 0.1076078 0.1048068 0.0984085 0.1031068 0.1067146 0.1079140 0.0994926 0.1021636 0.0588738 0.1117409 0.2077987 0.1288718 0.1259855 0.1051381 0.0414206 0.0384241 0.1110556 0.1162404 0.1187963 0.1481956 0.1128385 0.0465696 
Rubroboletus_016 0.1921580 0.0510680 0.2463906 0.0527161 0.0042212 0.0443763 0.0428628 0.0427891 0.0427891 0.0571711 0.0317361 0.0310968 0.1217658 0.1217658 0.0000000 0.0000010 0.1236534 0.0462671 0.0459954 0.1258060 0.1191140 0.0614137 0.1185742 0.1185742 0.9520386 0.0983432 0.0571674 0.0572848 0.3150242 0.0626635 0.0553740 0.0553740 0.0476838 0.0537828 0.0572254 0.1236534 0.0431111 0.0498146 0.1208824 0.0000010 0.0966173 0.0191190 0.0553418 0.1054726 0.1015089 0.0014369 0.0459954 0.0455232 0.0014416 0.0495446 0.9947963 0.1204444 0.1160347 0.1189677 0.0412157 0.0545450 0.0437182 0.0481503 0.0441910 0.1180376 0.0000010 0.0437835 0.0506115 0.1055855 0.1187810 0.1207474 0.0161326 0.0014348 0.1006504 0.1187810 0.0541927 0.0541927 0.1015090 0.0176079 0.0994068 0.1254794 0.1254794 0.0560667 0.0645598 0.0469946 0.0415839 0.0952232 0.1101614 0.1169842 0.1180376 0.0631253 0.0448999 0.0483950 0.0330627 0.0614997 0.0616086 0.0616086 0.0616086 0.0628862 0.0628862 0.0614137 0.0292794 0.0526264 0.0498921 0.0498921 0.0519553 0.0423313 0.0459726 0.0444891 0.0474136 0.0444540 0.0445206 0.1032297 0.0176079 0.2059798 0.0058375 0.1329267 0.0542314 0.0952232 0.1002343 0.0556476 0.0000010 0.0511382 0.0210213 0.1259535 0.0773562 
Rubroboletus_017 0.1921580 0.0509283 0.2483487 0.0525716 0.0042212 0.0458804 0.0443686 0.0442924 0.0442924 0.0570057 0.0317361 0.0310968 0.1213811 0.1213811 0.0000010 0.0000000 0.1253590 0.0462037 0.0475013 0.1275129 0.1191140 0.0612423 0.1181868 0.1181868 0.9603720 0.0979325 0.0571674 0.0588834 0.3150242 0.0624849 0.0552189 0.0552189 0.0491934 0.0536278 0.0570642 0.1253590 0.0446255 0.0496775 0.1225283 0.0000010 0.0963249 0.0191190 0.0568880 0.1053120 0.1012021 0.0014369 0.0475013 0.0470653 0.0014416 0.0494090 0.9947963 0.1200623 0.1156694 0.1206139 0.0412157 0.0545450 0.0437182 0.0497253 0.0441910 0.1176478 0.0000010 0.0453210 0.0538611 0.1054246 0.1204248 0.1223918 0.0161326 0.0014348 0.1004968 0.1204248 0.0557074 0.0557074 0.1012022 0.0176079 0.0991077 0.1250706 0.1250706 0.0559077 0.0643750 0.0485325 0.0431579 0.0952232 0.1097935 0.1166130 0.1176478 0.0629487 0.0464215 0.0483950 0.0352402 0.0613278 0.0614361 0.0631483 0.0614361 0.0644173 0.0644173 0.0612423 0.0291636 0.0524780 0.0497546 0.0497546 0.0519553 0.0423313 0.0459726 0.0459970 0.0489649 0.0444540 0.0445206 0.1029176 0.0176079 0.2077526 0.0058375 0.1329267 0.0558390 0.0952232 0.1002343 0.0572020 0.0000010 0.0509981 0.0210213 0.1276377 0.0773562 
Rubroboletus_018 0.2326787 0.1284874 0.2793679 0.1272147 0.1156765 0.1246431 0.1229140 0.1226700 0.1226700 0.1194924 0.0691136 0.0645131 0.0799134 0.0799134 0.1236534 0.1253590 0.0000000 0.1239434 0.1267143 0.1227579 0.1089763 0.1344185 0.0488714 0.0488714 0.9062056 0.1407445 0.1118001 0.1208192 0.3434417 0.1334383 0.1238794 0.1238794 0.1248697 0.1321213 0.1263682 0.0000010 0.1237591 0.1254155 0.1076245 0.1236534 0.0641741 0.1217224 0.1186002 0.0678588 0.0698701 0.1217619 0.1267143 0.1284300 0.1265776 0.1276218 1.0120235 0.0794886 0.0755536 0.1159115 0.1021019 0.0994711 0.1113788 0.1337445 0.1146151 0.0798955 0.1284029 0.1260346 0.1329657 0.0643634 0.1157262 0.1137086 0.1198295 0.1215461 0.0632345 0.1157262 0.1204939 0.1204939 0.0698702 0.1195903 0.0715791 0.0432569 0.0432569 0.1296750 0.1358557 0.1297230 0.1205138 0.0432083 0.0720651 0.0845713 0.0798955 0.1365826 0.1263821 0.1173870 0.1024111 0.1346415 0.1327849 0.1306045 0.1327849 0.1317197 0.1317197 0.1344185 0.0938667 0.1308391 0.1256383 0.1256383 0.1215462 0.1084693 0.1132919 0.1250153 0.1270517 0.1095914 0.1148971 0.0715599 0.1195903 0.2146734 0.1237616 0.1409804 0.1147272 0.0432083 0.0379101 0.1193490 0.1179910 0.1294903 0.1510366 0.1229495 0.0582889 
Rubroboletus_019 0.1821114 0.0043487 0.2272597 0.0043471 0.0449871 0.0176660 0.0222517 0.0222144 0.0222144 0.0265668 0.0128884 0.0100676 0.1150716 0.1150716 0.0462671 0.0462037 0.1239434 0.0000000 0.0191745 0.1271327 0.1123445 0.0364698 0.1145807 0.1145807 0.9220404 0.0823003 0.0571078 0.0266160 0.3141383 0.0306120 0.0273352 0.0273352 0.0176658 0.0138583 0.0289856 0.1239434 0.0223762 0.0225517 0.1226287 0.0462671 0.0945083 0.0479610 0.0242064 0.0997884 0.1032315 0.0446969 0.0191745 0.0180478 0.0481691 0.0102551 0.9766550 0.1243494 0.1199030 0.1207132 0.0173343 0.0243008 0.0015295 0.0247190 0.0213778 0.1005262 0.0476137 0.0211583 0.0290983 0.0998944 0.1205238 0.1224920 0.0447416 0.0446287 0.0949568 0.1205238 0.0237273 0.0237273 0.1030568 0.0463042 0.1011228 0.1172763 0.1172763 0.0307933 0.0387785 0.0180345 0.0216926 0.0930953 0.0906017 0.1024327 0.1005262 0.0380709 0.0239214 0.0233424 0.0171454 0.0365188 0.0365817 0.0381879 0.0365817 0.0316076 0.0316076 0.0364698 0.0154865 0.0245433 0.0225859 0.0225859 0.0202026 0.0173317 0.0239218 0.0237855 0.0244337 0.0223894 0.0215220 0.1047744 0.0463042 0.2029962 0.0518091 0.1275790 0.0219523 0.0930953 0.0890714 0.0242565 0.0453522 0.0028966 0.0678225 0.1231947 0.0699683 
Rubroboletus_020 0.1875413 0.0235892 0.2325888 0.0220760 0.0471027 0.0014272 0.0115945 0.0115754 0.0115754 0.0311572 0.0180218 0.0150841 0.1084421 0.1084421 0.0459954 0.0475013 0.1267143 0.0191745 0.0000000 0.1283112 0.1158429 0.0361179 0.1132922 0.1132922 0.9246865 0.0890838 0.0533311 0.0216386 0.3187793 0.0368092 0.0302205 0.0302205 0.0014292 0.0248466 0.0318755 0.1267143 0.0116577 0.0255065 0.1233353 0.0459954 0.0954797 0.0476785 0.0193627 0.1043816 0.1003150 0.0444349 0.0000010 0.0014617 0.0478841 0.0206125 0.9290296 0.1210091 0.1166406 0.1214351 0.0102485 0.0319147 0.0170511 0.0151582 0.0119674 0.0998559 0.0474847 0.0118297 0.0164182 0.1044921 0.1212462 0.1231989 0.0444790 0.0443671 0.0977231 0.1212462 0.0189856 0.0189856 0.1003151 0.0460320 0.0982429 0.1160751 0.1160751 0.0305913 0.0385220 0.0000010 0.0121594 0.0953241 0.0879995 0.1017720 0.0998559 0.0377027 0.0131849 0.0152723 0.0126752 0.0361660 0.0362275 0.0378174 0.0362275 0.0266755 0.0266755 0.0361179 0.0154150 0.0276434 0.0255450 0.0255450 0.0030153 0.0000010 0.0156429 0.0130711 0.0149394 0.0141178 0.0146871 0.1020149 0.0460320 0.2079233 0.0531644 0.1329587 0.0186158 0.0953241 0.0915359 0.0194638 0.0485006 0.0236198 0.0674069 0.1264092 0.0717788 
Rubroboletus_021 0.2121825 0.1299929 0.2706939 0.1286729 0.0762580 0.1262411 0.1265564 0.1263055 0.1263055 0.1261364 0.0870502 0.0819508 0.1082060 0.1082060 0.1258060 0.1275129 0.1227579 0.1271327 0.1283112 0.0000000 0.1244605 0.1467549 0.1085201 0.1085201 0.9479528 0.1711789 0.1230664 0.1239405 0.3159836 0.1352549 0.1350116 0.1350116 0.1303601 0.1311124 0.1354775 0.1227579 0.1263055 0.1232903 0.0150642 0.1258060 0.0933814 0.1259889 0.1264876 0.0948065 0.0913121 0.1239093 0.1283112 0.1246992 0.1285180 0.1312345 1.0176950 0.1090415 0.1046713 0.0014759 0.0881745 0.0989441 0.1001357 0.1297371 0.1140139 0.1006993 0.1251621 0.1251871 0.1319595 0.0910995 0.0014759 0.0029587 0.1198960 0.1236893 0.0863633 0.0014759 0.1303601 0.1303601 0.0911549 0.1238369 0.0892117 0.1069498 0.1069498 0.1364296 0.1465470 0.1294693 0.1198251 0.0790487 0.0910910 0.1007971 0.1006993 0.1489620 0.1261643 0.1141949 0.1209636 0.1467549 0.1470529 0.1448219 0.1470529 0.1418131 0.1418131 0.1467549 0.1170243 0.1235089 0.1235089 0.1235089 0.1123541 0.1011787 0.1060533 0.1286649 0.1259444 0.1024012 0.1050288 0.0929042 0.1238369 0.0807234 0.1332098 0.1636628 0.1204319 0.0790487 0.0769469 0.1240327 0.1135963 0.1331024 0.1478928 0.0075350 0.0853011 
Rubroboletus_022 0.1402313 0.1116213 0.2069341 0.1116729 0.1087663 0.1137259 0.1161437 0.1159044 0.1159044 0.1171297 0.0660396 0.0644900 0.1000397 0.1000397 0.1191140 0.1191140 0.1089763 0.1123445 0.1158429 0.1244605 0.0000000 0.1336944 0.1010981 0.1010981 0.9546622 0.1325717 0.0998418 0.1185496 0.3546550 0.1317246 0.1217719 0.1217719 0.1139390 0.1162646 0.1222047 0.1089763 0.1169714 0.1135903 0.1148214 0.1191140 0.1007624 0.1192340 0.1210433 0.0941178 0.0965935 0.1171497 0.1158429 0.1173008 0.1195619 0.1145339 1.0024713 0.1102686 0.1056935 0.1171327 0.1014288 0.1022018 0.1032803 0.1247583 0.1111931 0.0986531 0.1238791 0.1192036 0.1286192 0.0942244 0.1169343 0.1190548 0.1172640 0.1169337 0.0907568 0.1169343 0.1116949 0.1116949 0.0965938 0.1170200 0.0943500 0.1104467 0.1104467 0.1287570 0.1396731 0.1186867 0.1111510 0.0910134 0.0918960 0.0989409 0.0986531 0.1359365 0.1196480 0.1155781 0.0883374 0.1339243 0.1342056 0.1342056 0.1342056 0.1231752 0.1231752 0.1336944 0.0762795 0.1189046 0.1138013 0.1138013 0.1155107 0.1041623 0.1112997 0.1183067 0.1202032 0.1072683 0.1101202 0.0984479 0.1170200 0.2202508 0.1192230 0.1158390 0.1147074 0.0910134 0.0915881 0.1218477 0.1144313 0.1164567 0.1450453 0.1246394 0.0792197 
Rubroboletus_023 0.1984303 0.0394039 0.2456113 0.0378213 0.0574442 0.0345465 0.0330316 0.0329758 0.0329758 0.0515688 0.0206605 0.0176518 0.1193852 0.1193852 0.0614137 0.0612423 0.1344185 0.0364698 0.0361179 0.1467549 0.1336944 0.0000000 0.1206474 0.1206474 0.8909760 0.0790525 0.0586320 0.0296982 0.3155383 0.0570916 0.0516321 0.0516321 0.0377442 0.0297026 0.0534454 0.1344185 0.0332191 0.0432880 0.1409233 0.0614137 0.1060059 0.0631911 0.0384638 0.1171661 0.1167827 0.0598025 0.0361179 0.0321323 0.0617762 0.0363253 0.9797621 0.1345924 0.1300304 0.1389554 0.0154841 0.0378480 0.0351868 0.0344702 0.0308963 0.0979826 0.0544539 0.0321308 0.0403170 0.1172936 0.1387331 0.1407650 0.0632998 0.0597092 0.1122980 0.1387331 0.0376879 0.0376879 0.1167827 0.0614641 0.1145899 0.1275574 0.1275574 0.0000010 0.0014569 0.0352818 0.0215591 0.0983959 0.0860990 0.1147201 0.0979826 0.0014274 0.0349197 0.0297863 0.0302830 0.0000010 0.0000029 0.0014315 0.0000029 0.0297069 0.0297069 0.0000010 0.0245033 0.0442586 0.0417324 0.0417324 0.0331583 0.0304269 0.0305332 0.0346065 0.0355621 0.0273378 0.0284680 0.1146592 0.0614641 0.2282062 0.0673497 0.1622345 0.0250523 0.0983959 0.0861801 0.0386710 0.0576865 0.0394568 0.0841549 0.1423999 0.0695648 
Rubroboletus_024 0.2075630 0.1154190 0.2590166 0.1136853 0.0995353 0.1112585 0.1115366 0.1113153 0.1113153 0.1198585 0.0797264 0.0747317 0.0553327 0.0553327 0.1185742 0.1181868 0.0488714 0.1145807 0.1132922 0.1085201 0.1010981 0.1206474 0.0000000 0.0000010 0.9470226 0.1411175 0.0966017 0.1133094 0.3487258 0.1340686 0.1243192 0.1243192 0.1134971 0.1226369 0.1243192 0.0488714 0.1122999 0.1061924 0.1002072 0.1185742 0.0596559 0.1123795 0.1091254 0.0574486 0.0576086 0.1166787 0.1132922 0.1146233 0.1193359 0.1161561 1.0068419 0.0616879 0.0579318 0.1023181 0.0980896 0.0979813 0.1003769 0.1216851 0.1051022 0.0650754 0.1231462 0.1143578 0.1255062 0.0575073 0.1021566 0.1001851 0.1146884 0.1164710 0.0545678 0.1021566 0.1031994 0.1031994 0.0576087 0.1123505 0.0592936 0.0215497 0.0215497 0.1156467 0.1260028 0.1159684 0.1132425 0.0038344 0.0606903 0.0628768 0.0650754 0.1227685 0.1127483 0.1017274 0.1062493 0.1208459 0.1210901 0.1232199 0.1210901 0.1140354 0.1140354 0.1206474 0.0860369 0.1110351 0.1063804 0.1063804 0.1058628 0.0946274 0.0971657 0.1115366 0.1131427 0.0934908 0.0957692 0.0593649 0.1123505 0.2017579 0.1186791 0.1447001 0.1110417 0.0038344 0.0041912 0.1098136 0.1087238 0.1180154 0.1435363 0.1088993 0.0589165 
Rubroboletus_025 0.2075630 0.1154190 0.2590166 0.1136853 0.0995353 0.1112585 0.1115366 0.1113153 0.1113153 0.1198585 0.0797264 0.0747317 0.0553327 0.0553327 0.1185742 0.1181868 0.0488714 0.1145807 0.1132922 0.1085201 0.1010981 0.1206474 0.0000010 0.0000000 0.9470226 0.1411175 0.0966017 0.1133094 0.3487258 0.1340686 0.1243192 0.1243192 0.1134971 0.1226369 0.1243192 0.0488714 0.1122999 0.1061924 0.1002072 0.1185742 0.0596559 0.1123795 0.1091254 0.0574486 0.0576086 0.1166787 0.1132922 0.1146233 0.1193359 0.1161561 1.0068419 0.0616879 0.0579318 0.1023181 0.0980896 0.0979813 0.1003769 0.1216851 0.1051022 0.0650754 0.1231462 0.1143578 0.1255062 0.0575073 0.1021566 0.1001851 0.1146884 0.1164710 0.0545678 0.1021566 0.1031994 0.1031994 0.0576087 0.1123505 0.0592936 0.0215497 0.0215497 0.1156467 0.1260028 0.1159684 0.1132425 0.0038344 0.0606903 0.0628768 0.0650754 0.1227685 0.1127483 0.1017274 0.1062493 0.1208459 0.1210901 0.1232199 0.1210901 0.1140354 0.1140354 0.1206474 0.0860369 0.1110351 0.1063804 0.1063804 0.1058628 0.0946274 0.0971657 0.1115366 0.1131427 0.0934908 0.0957692 0.0593649 0.1123505 0.2017579 0.1186791 0.1447001 0.1110417 0.0038344 0.0041912 0.1098136 0.1087238 0.1180154 0.1435363 0.1088993 0.0589165 
Rubroboletus_027 0.9248215 0.9110474 1.0457069 0.9272979 0.9883631 0.9312158 0.9140394 0.9109669 0.9109669 0.8815437 0.4858553 0.4700056 0.9459317 0.9459317 0.9520386 0.9603720 0.9062056 0.9220404 0.9246865 0.9479528 0.9546622 0.8909760 0.9470226 0.9470226 0.0000000 0.6493551 0.8822315 0.9086261 0.9892863 0.9634549 0.9429233 0.9429233 0.9343599 0.9243711 0.9429233 0.9062056 0.9083981 0.9642050 1.0003353 0.9520386 0.8768110 0.9244592 0.8804570 0.8926422 0.9007644 0.9411874 0.9246865 0.9259871 0.9651890 0.9296063 1.8049153 0.9687010 0.9718290 0.9807573 0.7582237 0.7351129 0.8222890 0.8895956 0.8453128 0.9204323 0.9468827 0.8684129 0.8684382 0.8956206 0.9777540 0.9705615 0.9349245 0.9450013 0.8776952 0.9777540 0.8972519 0.8972519 0.9104676 0.9317406 0.9003710 0.9110479 0.9110479 0.8855574 0.8818475 0.8792524 0.8989507 0.9311427 0.9071109 0.9189693 0.9204323 0.8909760 0.9056344 0.8351417 0.6475103 0.8936123 0.8899135 0.8830082 0.8899135 0.8972519 0.8972519 0.8909760 0.6488631 0.9591179 0.9642050 0.9642050 0.8511321 0.8409766 0.8431596 0.9140394 0.8706184 0.8274562 0.8471545 0.9104676 0.9317406 1.1646338 0.9440431 0.8904044 0.9056863 0.9311427 0.8263083 0.9056863 0.8649947 0.9232155 1.0422092 0.9961062 0.6070355 
Rubroboletus_028 0.1748778 0.0866388 0.2505388 0.0895213 0.0679936 0.0890838 0.0843159 0.0841024 0.0841024 0.0937842 0.0732810 0.0746510 0.1186342 0.1186342 0.0983432 0.0979325 0.1407445 0.0823003 0.0890838 0.1711789 0.1325717 0.0790525 0.1411175 0.1411175 0.6493551 0.0000000 0.1038390 0.0976020 0.3169872 0.0946070 0.0946070 0.0946070 0.0890838 0.0866668 0.0946070 0.1407445 0.0850473 0.0934868 0.1642111 0.0983432 0.1189399 0.1010302 0.0968335 0.1213081 0.1233265 0.0957017 0.0890838 0.0890838 0.1013590 0.0866668 1.0071884 0.1738973 0.1668493 0.1676967 0.0703747 0.1125709 0.0754656 0.0895659 0.0807397 0.1220013 0.0983432 0.0844459 0.0898149 0.1240461 0.1673079 0.1642679 0.0986530 0.0957017 0.1167009 0.1673079 0.0891632 0.0891632 0.1233265 0.0957298 0.1204985 0.1273363 0.1273363 0.0790525 0.0792122 0.0893790 0.0841024 0.1044804 0.1220013 0.1211731 0.1220013 0.0815619 0.0841024 0.0799101 0.0889678 0.0792122 0.0792122 0.0817272 0.0792122 0.0891632 0.0891632 0.0790525 0.0844837 0.0934868 0.0934868 0.0934868 0.0855687 0.0761723 0.0768383 0.0843159 0.0876760 0.0719461 0.0709048 0.1233265 0.0957298 0.2790353 0.1055652 0.1599823 0.0946337 0.1044804 0.1044804 0.0946337 0.0950490 0.0896836 0.1080209 0.1749931 0.1083768 
Rubroboletus_029 0.2101879 0.0604906 0.2486425 0.0605011 0.0451964 0.0516111 0.0500203 0.0499300 0.0499300 0.0617646 0.0515863 0.0476691 0.1007032 0.1007032 0.0571674 0.0571674 0.1118001 0.0571078 0.0533311 0.1230664 0.0998418 0.0586320 0.0966017 0.0966017 0.8822315 0.1038390 0.0000000 0.0542653 0.3439500 0.0597301 0.0597301 0.0597301 0.0550463 0.0593361 0.0599133 0.1118001 0.0503261 0.0597899 0.1253615 0.0571674 0.0897007 0.0589968 0.0563151 0.0949598 0.0909204 0.0554990 0.0533311 0.0516111 0.0590753 0.0569774 1.0247229 0.1156674 0.1111337 0.1212711 0.0494481 0.0611727 0.0570455 0.0546422 0.0516558 0.0997319 0.0571674 0.0511538 0.0584477 0.0950646 0.1210713 0.1189834 0.0555577 0.0554092 0.0899415 0.1210713 0.0533638 0.0533638 0.0907618 0.0572160 0.0887918 0.1078749 0.1078749 0.0586320 0.0604697 0.0545529 0.0470416 0.0710809 0.0917535 0.0997528 0.0997319 0.0603957 0.0516559 0.0562725 0.0447133 0.0587169 0.0588243 0.0588243 0.0588243 0.0533638 0.0533638 0.0586320 0.0465681 0.0597899 0.0597899 0.0597899 0.0600869 0.0555840 0.0596934 0.0517495 0.0549752 0.0581072 0.0576682 0.0906204 0.0572160 0.2084513 0.0650445 0.1298236 0.0511737 0.0710809 0.0676495 0.0554101 0.0604969 0.0605785 0.0805816 0.1281715 0.0704953 
Rubroboletus_030 0.2001555 0.0314015 0.2380546 0.0297760 0.0559668 0.0200526 0.0248779 0.0248344 0.0248344 0.0398855 0.0262237 0.0230367 0.1105800 0.1105800 0.0572848 0.0588834 0.1208192 0.0266160 0.0216386 0.1239405 0.1185496 0.0296982 0.1133094 0.1133094 0.9086261 0.0976020 0.0542653 0.0000000 0.3261981 0.0386094 0.0386094 0.0386094 0.0232262 0.0282216 0.0386094 0.1208192 0.0250241 0.0369690 0.1262069 0.0572848 0.0965193 0.0556187 0.0015204 0.0983380 0.0980115 0.0556127 0.0216386 0.0200526 0.0591977 0.0282216 0.9635237 0.1245979 0.1199421 0.1221471 0.0209599 0.0400750 0.0265721 0.0286967 0.0257388 0.0982079 0.0572848 0.0254208 0.0338333 0.0984464 0.1219475 0.1198746 0.0521943 0.0555224 0.0933171 0.1219475 0.0137664 0.0137664 0.0978402 0.0538487 0.0958523 0.1185817 0.1185817 0.0296982 0.0313676 0.0221129 0.0233078 0.0891871 0.0863200 0.0991018 0.0982079 0.0313307 0.0264450 0.0278989 0.0259707 0.0297392 0.0297918 0.0314296 0.0297918 0.0137664 0.0137664 0.0296982 0.0293625 0.0369690 0.0369690 0.0369690 0.0245817 0.0215815 0.0286316 0.0264914 0.0288671 0.0270262 0.0276964 0.0976874 0.0538487 0.2086426 0.0651828 0.1401094 0.0015127 0.0891871 0.0864582 0.0014980 0.0587562 0.0314450 0.0807618 0.1268994 0.0746282 
Rubroboletus_031 0.4074804 0.3117799 0.4071991 0.3151492 0.2526953 0.3187793 0.3056475 0.3082424 0.3082424 0.3227636 0.2409774 0.2445566 0.3243493 0.3243493 0.3150242 0.3150242 0.3434417 0.3141383 0.3187793 0.3159836 0.3546550 0.3155383 0.3487258 0.3487258 0.9892863 0.3169872 0.3439500 0.3261981 0.0000000 0.3227636 0.3227636 0.3227636 0.3221846 0.3214849 0.3227636 0.3434417 0.3082424 0.3120394 0.3159836 0.3150242 0.3073022 0.3115515 0.3213255 0.3096243 0.3127488 0.3157971 0.3187793 0.3187793 0.3162422 0.3214849 1.1991807 0.3293891 0.3208438 0.3159836 0.3097188 0.3047552 0.3125987 0.3137943 0.3082424 0.3287076 0.3150242 0.3082424 0.3164232 0.3129899 0.3159836 0.3193790 0.3056512 0.3150242 0.3091866 0.3159836 0.3291476 0.3291476 0.3127488 0.3082631 0.3091459 0.3335749 0.3335749 0.3155383 0.3155383 0.3187793 0.3082424 0.3207536 0.3287076 0.3287076 0.3287076 0.3190853 0.3082424 0.3116863 0.2707548 0.3155383 0.3155383 0.3155383 0.3155383 0.3291476 0.3291476 0.3155383 0.2479439 0.3120394 0.3120394 0.3120394 0.3221846 0.3228566 0.3217807 0.3090837 0.3116863 0.3052185 0.3092584 0.3127488 0.3082631 0.4441010 0.3150242 0.3350054 0.3213255 0.3207536 0.3204288 0.3213255 0.3150242 0.3172692 0.3337784 0.3281804 0.2858570 
Rubroboletus_032 0.2034960 0.0367152 0.2636772 0.0352978 0.0659076 0.0352057 0.0368881 0.0368241 0.0368241 0.0059547 0.0025020 0.0000010 0.1146509 0.1146509 0.0626635 0.0624849 0.1334383 0.0306120 0.0368092 0.1352549 0.1317246 0.0570916 0.1340686 0.1340686 0.9634549 0.0946070 0.0597301 0.0386094 0.3227636 0.0000000 0.0057833 0.0057833 0.0368443 0.0334489 0.0072606 0.1334383 0.0371025 0.0422290 0.1390623 0.0626635 0.1056797 0.0610247 0.0442176 0.1137101 0.1133323 0.0610179 0.0368092 0.0293838 0.0646714 0.0386147 1.0198032 0.1322696 0.1276777 0.1370707 0.0228418 0.0321493 0.0305535 0.0349128 0.0364716 0.1028039 0.0572266 0.0376839 0.0461676 0.1138358 0.1368486 0.1389039 0.0576457 0.0609206 0.1067992 0.1368486 0.0433014 0.0433014 0.1113118 0.0592729 0.1111179 0.1298470 0.1298470 0.0461476 0.0529035 0.0376098 0.0283754 0.0995134 0.0931458 0.1071174 0.1028039 0.0588075 0.0322078 0.0387251 0.0238460 0.0571722 0.0572744 0.0589962 0.0572744 0.0501670 0.0501670 0.0570916 0.0271209 0.0378658 0.0422290 0.0422290 0.0388251 0.0343940 0.0414647 0.0385092 0.0412668 0.0399177 0.0287600 0.1111383 0.0592729 0.2271137 0.0705307 0.1476551 0.0354317 0.0995134 0.0923981 0.0375870 0.0642435 0.0369500 0.0859704 0.1378393 0.0723861 
Rubroboletus_033 0.1914020 0.0301447 0.2494494 0.0287266 0.0553653 0.0286532 0.0302842 0.0302325 0.0302325 0.0000010 0.0025020 0.0000010 0.1144533 0.1144533 0.0553740 0.0552189 0.1238794 0.0273352 0.0302205 0.1350116 0.1217719 0.0516321 0.1243192 0.1243192 0.9429233 0.0946070 0.0597301 0.0386094 0.3227636 0.0057833 0.0000000 0.0000010 0.0318353 0.0334489 0.0014308 0.1238794 0.0304575 0.0354299 0.1296595 0.0553740 0.0971505 0.0537630 0.0373247 0.1049750 0.1046325 0.0537576 0.0302205 0.0293838 0.0573971 0.0319528 0.9738921 0.1229386 0.1184858 0.1277095 0.0228418 0.0321493 0.0237453 0.0349128 0.0296676 0.1028039 0.0572266 0.0309276 0.0391899 0.1050888 0.1275061 0.1295133 0.0504553 0.0536731 0.0981636 0.1275061 0.0365637 0.0365637 0.1046326 0.0520549 0.1024880 0.1203340 0.1203340 0.0461476 0.0545185 0.0308680 0.0283754 0.0995134 0.0931458 0.1069331 0.1028039 0.0533134 0.0321583 0.0317682 0.0238460 0.0517038 0.0517951 0.0534822 0.0517951 0.0448597 0.0448597 0.0516321 0.0271209 0.0378658 0.0354847 0.0354847 0.0318492 0.0274008 0.0342712 0.0318674 0.0343846 0.0327304 0.0287112 0.1063780 0.0520549 0.2147928 0.0629711 0.1371417 0.0354317 0.0995134 0.0923981 0.0375281 0.0565529 0.0303339 0.0779633 0.1329645 0.0723861 
Rubroboletus_034 0.1914020 0.0301447 0.2494494 0.0287266 0.0553653 0.0286532 0.0302842 0.0302325 0.0302325 0.0000010 0.0025020 0.0000010 0.1144533 0.1144533 0.0553740 0.0552189 0.1238794 0.0273352 0.0302205 0.1350116 0.1217719 0.0516321 0.1243192 0.1243192 0.9429233 0.0946070 0.0597301 0.0386094 0.3227636 0.0057833 0.0000010 0.0000000 0.0318353 0.0334489 0.0014308 0.1238794 0.0304575 0.0354299 0.1296595 0.0553740 0.0971505 0.0537630 0.0373247 0.1049750 0.1046325 0.0537576 0.0302205 0.0293838 0.0573971 0.0319528 0.9738921 0.1229386 0.1184858 0.1277095 0.0228418 0.0321493 0.0237453 0.0349128 0.0296676 0.1028039 0.0572266 0.0309276 0.0391899 0.1050888 0.1275061 0.1295133 0.0504553 0.0536731 0.0981636 0.1275061 0.0365637 0.0365637 0.1046326 0.0520549 0.1024880 0.1203340 0.1203340 0.0461476 0.0545185 0.0308680 0.0283754 0.0995134 0.0931458 0.1069331 0.1028039 0.0533134 0.0321583 0.0317682 0.0238460 0.0517038 0.0517951 0.0534822 0.0517951 0.0448597 0.0448597 0.0516321 0.0271209 0.0378658 0.0354847 0.0354847 0.0318492 0.0274008 0.0342712 0.0318674 0.0343846 0.0327304 0.0287112 0.1063780 0.0520549 0.2147928 0.0629711 0.1371417 0.0354317 0.0995134 0.0923981 0.0375281 0.0565529 0.0303339 0.0779633 0.1329645 0.0723861 
