7
hkas_80480|ITS|KP658466.1    0.0000000 0.0228632 0.0000010 4.8769160 0.1632860 0.0228002 0.0644513 
hkas_77032|ITS|KP658465.1    0.0228632 0.0000000 0.0232148 4.9296458 0.1763254 0.0195505 0.0610892 
le_f_344057|ITS|PP317937.1   0.0000010 0.0232148 0.0000000 4.8152903 0.1569263 0.0188675 0.0588606 
n.k.zeng3065|ITS|MT822939.1  4.8769160 4.9296458 4.8152903 0.0000000 4.2742562 4.7329463 4.8125464 
pb_85|ITS|MH521253.1         0.1632860 0.1763254 0.1569263 4.2742562 0.0000000 0.1514818 0.1918374 
cmu58_st_0504|ITS|KX017303.1 0.0228002 0.0195505 0.0188675 4.7329463 0.1514818 0.0000000 0.0380696 
cmu51_sl_34|ITS|KX017302.1   0.0644513 0.0610892 0.0588606 4.8125464 0.1918374 0.0380696 0.0000000 
