9
unipar                  0.0000000 0.0314911 0.0314911 0.0000010 0.0000010 0.0000010 0.0020228 0.0000021 0.0000021 
brbel                   0.0314911 0.0000000 0.0000010 0.0313700 0.0313700 0.0314911 0.0291855 0.0292979 0.0292979 
adk5493|ITS|MZ702477.1  0.0314911 0.0000010 0.0000000 0.0313700 0.0313700 0.0314911 0.0291855 0.0292979 0.0292979 
kit00524|ITS|MZ702474.1 0.0000010 0.0313700 0.0313700 0.0000000 0.0000010 0.0000010 0.0020153 0.0000021 0.0000021 
sab0715|ITS|MZ702473.1  0.0000010 0.0313700 0.0313700 0.0000010 0.0000000 0.0000010 0.0020153 0.0000021 0.0000021 
adk4368|ITS|MZ702472.1  0.0000010 0.0314911 0.0314911 0.0000010 0.0000010 0.0000000 0.0020228 0.0000021 0.0000021 
adk5006|ITS|MZ702469.1  0.0020228 0.0291855 0.0291855 0.0020153 0.0020153 0.0020228 0.0000000 0.0000021 0.0000021 
adk3703|ITS|MZ702468.1  0.0000021 0.0292979 0.0292979 0.0000021 0.0000021 0.0000021 0.0000021 0.0000000 0.0000010 
adk2292|ITS|MZ702467.1  0.0000021 0.0292979 0.0292979 0.0000021 0.0000021 0.0000021 0.0000021 0.0000010 0.0000000 
