104
Retiboletus_001 0.0000000 0.1597910 0.0046260 0.1554634 0.1711250 0.1554634 0.1669169 0.1669169 0.0069355 0.0070802 0.0071158 0.0057454 0.0094946 0.1899147 0.0000010 0.1627446 0.3075730 0.1467025 0.1467025 0.2369695 0.0000010 0.1510265 0.0000021 0.1711250 0.2268196 0.1539016 0.2326386 0.2208871 0.2191384 0.2312912 0.1692500 0.1729448 0.1719470 0.1627446 0.2194571 0.2020958 0.2119089 0.1920476 0.1920476 0.2205948 0.2205948 0.2331288 0.1454300 0.1533755 0.1573588 0.1546704 0.1587270 0.2370908 0.2462594 0.1930795 0.0696694 0.0852852 0.1199395 0.1750884 0.1382564 0.2208871 0.2793358 0.2364212 0.1352759 0.1352759 0.1349200 0.2462594 0.2268196 0.2583510 0.0094523 0.1889089 0.1610454 0.2510038 0.3746795 0.2191974 0.0957039 0.1240445 0.2802813 0.2841808 0.2448223 0.2405423 0.0069527 0.0069355 0.1382564 0.1705849 0.2356241 0.1691722 0.1668040 0.1766731 0.1443212 0.1129959 0.2387565 0.1737530 0.2387565 0.2459780 0.2459780 0.2312912 0.2191384 0.2250116 0.2235726 0.1737530 0.1573588 0.1642666 0.1714811 0.1561003 0.1784178 0.1667573 0.1634402 0.1634402 
Retiboletus_002 0.1597910 0.0000000 0.1529059 0.2250477 0.2116836 0.2250477 0.2079141 0.2079141 0.1597546 0.1617693 0.1589637 0.1708655 0.1610274 0.1964185 0.1597910 0.1644148 0.2614347 0.1791782 0.1791782 0.2140762 0.1649602 0.1618709 0.1570650 0.2116836 0.1857956 0.2107342 0.1871656 0.1839715 0.1820102 0.1935665 0.2414332 0.2459033 0.1700057 0.1644148 0.2052936 0.2035986 0.2074294 0.1860150 0.1860150 0.2117473 0.2117473 0.2071938 0.0145449 0.0023581 0.0000010 0.2196453 0.1966286 0.3102081 0.3148567 0.2529482 0.1468666 0.1807149 0.1639648 0.2162823 0.1527506 0.1839715 0.2556406 0.2368349 0.1495743 0.1495743 0.1491561 0.3148567 0.1857956 0.2399050 0.1651746 0.1900696 0.0024007 0.2104122 0.3801881 0.1702410 0.1488225 0.1104629 0.2565153 0.2604510 0.3373542 0.3194432 0.1603064 0.1597546 0.1527506 0.2336005 0.3121619 0.1710795 0.1697101 0.1766588 0.1953177 0.1513159 0.3104873 0.2411830 0.3104873 0.3244063 0.3244063 0.1935665 0.1820102 0.1878934 0.1856205 0.2411830 0.0000010 0.0047048 0.1712560 0.1630700 0.1725414 0.1708120 0.2021090 0.2021090 
Retiboletus_003 0.0046260 0.1529059 0.0000000 0.1517018 0.1750061 0.1517018 0.1707596 0.1707596 0.0069797 0.0071261 0.0071625 0.0057909 0.0095568 0.1954444 0.0046260 0.1558800 0.3191178 0.1426345 0.1426345 0.2289304 0.0047343 0.1473365 0.0023175 0.1750061 0.2233619 0.1356196 0.2290917 0.2175229 0.2157524 0.2278644 0.1543727 0.1579583 0.1603607 0.1558800 0.2110815 0.1945817 0.2038611 0.1840250 0.1840250 0.2249846 0.2249846 0.2378114 0.1388297 0.1466615 0.1505880 0.1507832 0.1388402 0.2181440 0.2282196 0.1739974 0.0696320 0.0852420 0.1234621 0.1789982 0.1248071 0.2175229 0.2739351 0.2186212 0.1218793 0.1218793 0.1215635 0.2282196 0.2233619 0.2529911 0.0095139 0.1793139 0.1539603 0.2448683 0.3580836 0.2156488 0.0875105 0.1240445 0.2748560 0.2787260 0.2257629 0.2227115 0.0069969 0.0069797 0.1248071 0.1518199 0.2155076 0.1621484 0.1628955 0.1731483 0.1402535 0.1031174 0.2193230 0.1584217 0.2193230 0.2268172 0.2268172 0.2278644 0.2157524 0.2216335 0.2201154 0.1584217 0.1505880 0.1574420 0.1680634 0.1528125 0.1712426 0.1594286 0.1403029 0.1403029 
Retiboletus_004 0.1554634 0.2250477 0.1517018 0.0000000 0.1805196 0.0000010 0.1770999 0.1770999 0.1635711 0.1634966 0.1645795 0.1567928 0.1649302 0.1783599 0.1554634 0.2288649 0.2730566 0.1917033 0.1917033 0.2016603 0.1603444 0.2122227 0.1477278 0.1805196 0.2815055 0.2595557 0.2861242 0.2800054 0.2851619 0.2997113 0.2438176 0.2482096 0.2404258 0.2288649 0.1525435 0.1571861 0.1749794 0.1642208 0.1642208 0.2355370 0.2355370 0.2395309 0.2044041 0.2164521 0.2212709 0.0000010 0.2988131 0.3871383 0.3250619 0.2860504 0.1653956 0.1745091 0.1780542 0.1845855 0.1541384 0.2800054 0.2395478 0.2291393 0.1546519 0.1546519 0.1578117 0.3250619 0.2815055 0.2231726 0.1593024 0.1543547 0.2225723 0.2934142 0.3749882 0.2816494 0.0000010 0.1102139 0.2344734 0.2395478 0.3466441 0.3295466 0.1603556 0.1635711 0.1541384 0.2340067 0.3964712 0.2374385 0.2217269 0.2347403 0.0000023 0.1212426 0.3450713 0.2464042 0.3450713 0.3418775 0.3418775 0.2997113 0.2851619 0.2848613 0.2917303 0.2464042 0.2212709 0.2336191 0.2271677 0.2181005 0.2382119 0.2225233 0.3017341 0.3017341 
Retiboletus_005 0.1711250 0.2116836 0.1750061 0.1805196 0.0000000 0.1805196 0.0000010 0.0000010 0.1799046 0.1852828 0.1865953 0.1934989 0.1818309 0.0000010 0.1711250 0.2118565 0.0000010 0.2219985 0.2219985 0.1749771 0.1768150 0.1913716 0.1669177 0.0000010 0.2202142 0.2598258 0.2168996 0.2141718 0.2122886 0.2249759 0.2790528 0.2840123 0.2118565 0.2118565 0.1657247 0.1569897 0.1709464 0.1458175 0.1458175 0.1553386 0.1553386 0.1595782 0.2083898 0.2030973 0.2079999 0.1806032 0.2576056 0.3290993 0.3375095 0.2807696 0.1389013 0.1672638 0.1872000 0.0024117 0.1853325 0.2141718 0.2286569 0.2687161 0.1810087 0.1810087 0.1853325 0.3375095 0.2202142 0.2106798 0.1806562 0.2080667 0.2148280 0.2201664 0.4247320 0.2166638 0.1109817 0.1147070 0.2294088 0.2331742 0.3731691 0.3449124 0.1764961 0.1799046 0.1853325 0.2566839 0.3442404 0.2202060 0.1935849 0.2223736 0.1724723 0.1756417 0.3417914 0.2707592 0.3417914 0.3579432 0.3579432 0.2249759 0.2122886 0.2184749 0.2168008 0.2707592 0.2079999 0.2219896 0.2151394 0.2118565 0.2151394 0.2033768 0.2489397 0.2489397 
Retiboletus_006 0.1554634 0.2250477 0.1517018 0.0000010 0.1805196 0.0000000 0.1770999 0.1770999 0.1635711 0.1634966 0.1645795 0.1567928 0.1649302 0.1783599 0.1554634 0.2288649 0.2730566 0.1917033 0.1917033 0.2016603 0.1603444 0.2122227 0.1477278 0.1805196 0.2815055 0.2595557 0.2861242 0.2800054 0.2851619 0.2997113 0.2438176 0.2482096 0.2404258 0.2288649 0.1525435 0.1571861 0.1749794 0.1642208 0.1642208 0.2355370 0.2355370 0.2395309 0.2044041 0.2164521 0.2212709 0.0000010 0.2988131 0.3871383 0.3250619 0.2860504 0.1653956 0.1745091 0.1780542 0.1845855 0.1541384 0.2800054 0.2395478 0.2291393 0.1546519 0.1546519 0.1578117 0.3250619 0.2815055 0.2231726 0.1593024 0.1543547 0.2225723 0.2934142 0.3749882 0.2816494 0.0000010 0.1102139 0.2344734 0.2395478 0.3466441 0.3295466 0.1603556 0.1635711 0.1541384 0.2340067 0.3964712 0.2374385 0.2217269 0.2347403 0.0000023 0.1212426 0.3450713 0.2464042 0.3450713 0.3418775 0.3418775 0.2997113 0.2851619 0.2848613 0.2917303 0.2464042 0.2212709 0.2336191 0.2271677 0.2181005 0.2382119 0.2225233 0.3017341 0.3017341 
Retiboletus_008 0.1669169 0.2079141 0.1707596 0.1770999 0.0000010 0.1770999 0.0000000 0.0000010 0.1755875 0.1808033 0.1820756 0.1878490 0.1773735 0.0000010 0.1669169 0.2069844 0.0000010 0.2164595 0.2164595 0.1755318 0.1724320 0.1861462 0.1627623 0.0000010 0.2152595 0.2523251 0.2118820 0.2093918 0.2074886 0.2200392 0.2733599 0.2782612 0.2069844 0.2069844 0.1662756 0.1574624 0.1715082 0.1462946 0.1462946 0.1553386 0.1553386 0.1595782 0.2046775 0.1994232 0.2042977 0.1770558 0.2496099 0.3215803 0.3302282 0.2731943 0.1347009 0.1630129 0.1824989 0.0024180 0.1810094 0.2093918 0.2236014 0.2647828 0.1767397 0.1767397 0.1810094 0.3302282 0.2152595 0.2056648 0.1762354 0.2080667 0.2109333 0.2114457 0.4247320 0.2115696 0.1109817 0.1147070 0.2243316 0.2280688 0.3648100 0.3375095 0.1722027 0.1755875 0.1810094 0.2566834 0.3358860 0.2151692 0.1881752 0.2171898 0.1687380 0.1761874 0.3337479 0.2650654 0.3337479 0.3498373 0.3498373 0.2200392 0.2074886 0.2136494 0.2118683 0.2650654 0.2042977 0.2182252 0.2101730 0.2069844 0.2101730 0.1983382 0.2397171 0.2397171 
Retiboletus_009 0.1669169 0.2079141 0.1707596 0.1770999 0.0000010 0.1770999 0.0000010 0.0000000 0.1755875 0.1808033 0.1820756 0.1878490 0.1773735 0.0000010 0.1669169 0.2069844 0.0000010 0.2164595 0.2164595 0.1755318 0.1724320 0.1861462 0.1627623 0.0000010 0.2152595 0.2523251 0.2118820 0.2093918 0.2074886 0.2200392 0.2733599 0.2782612 0.2069844 0.2069844 0.1662756 0.1574624 0.1715082 0.1462946 0.1462946 0.1553386 0.1553386 0.1595782 0.2046775 0.1994232 0.2042977 0.1770558 0.2496099 0.3215803 0.3302282 0.2731943 0.1347009 0.1630129 0.1824989 0.0024180 0.1810094 0.2093918 0.2236014 0.2647828 0.1767397 0.1767397 0.1810094 0.3302282 0.2152595 0.2056648 0.1762354 0.2080667 0.2109333 0.2114457 0.4247320 0.2115696 0.1109817 0.1147070 0.2243316 0.2280688 0.3648100 0.3375095 0.1722027 0.1755875 0.1810094 0.2566834 0.3358860 0.2151692 0.1881752 0.2171898 0.1687380 0.1761874 0.3337479 0.2650654 0.3337479 0.3498373 0.3498373 0.2200392 0.2074886 0.2136494 0.2118683 0.2650654 0.2042977 0.2182252 0.2101730 0.2069844 0.2101730 0.1983382 0.2397171 0.2397171 
Retiboletus_010 0.0069355 0.1597546 0.0069797 0.1635711 0.1799046 0.1635711 0.1755875 0.1755875 0.0000000 0.0000021 0.0000010 0.0000010 0.0023429 0.1968812 0.0069355 0.1672665 0.3075730 0.1473899 0.1473899 0.2475674 0.0070982 0.1559819 0.0046322 0.1799046 0.2411162 0.1490338 0.2473984 0.2347059 0.2330231 0.2455227 0.1699823 0.1736982 0.1766341 0.1672665 0.2303444 0.2116970 0.2222937 0.2022175 0.2022175 0.2205948 0.2205948 0.2331288 0.1453976 0.1533412 0.1573234 0.1630536 0.1534174 0.2384796 0.2525419 0.1942190 0.0696533 0.0852668 0.1312452 0.1839544 0.1422165 0.2347059 0.2909799 0.2331438 0.1392100 0.1392100 0.1388409 0.2525419 0.2411162 0.2699229 0.0023330 0.1930247 0.1610078 0.2586979 0.3943166 0.2337619 0.1046013 0.1345346 0.2919791 0.2959413 0.2514595 0.2467158 0.0000021 0.0000010 0.1422165 0.1668568 0.2370911 0.1738410 0.1722009 0.1816172 0.1530993 0.1167763 0.2454873 0.1706468 0.2454873 0.2526588 0.2526588 0.2455227 0.2330231 0.2389473 0.2378194 0.1706468 0.1573234 0.1642298 0.1762327 0.1605497 0.1832480 0.1716167 0.1572503 0.1572503 
Retiboletus_011 0.0070802 0.1617693 0.0071261 0.1634966 0.1852828 0.1634966 0.1808033 0.1808033 0.0000021 0.0000000 0.0000021 0.0000025 0.0023924 0.1968812 0.0070802 0.1642979 0.3075730 0.1473899 0.1473899 0.2557202 0.0072500 0.1523068 0.0047293 0.1852828 0.2411162 0.1490338 0.2473984 0.2411162 0.2394327 0.2523447 0.1670923 0.1708758 0.1738141 0.1642979 0.2311452 0.2138066 0.2230386 0.2029003 0.2029003 0.2276625 0.2276625 0.2339206 0.1494283 0.1576471 0.1617693 0.1635335 0.1534174 0.2461494 0.2479448 0.1886579 0.0698389 0.0874000 0.1345909 0.1894755 0.1459775 0.2411162 0.2945862 0.2404898 0.1428897 0.1428897 0.1425008 0.2479448 0.2411162 0.2730541 0.0023380 0.1938029 0.1614863 0.2586979 0.4063700 0.2405152 0.1031845 0.1290068 0.2956239 0.2996900 0.2465748 0.2420895 0.0000021 0.0000021 0.1459775 0.1632200 0.2452236 0.1709559 0.1683110 0.1787800 0.1535799 0.1170894 0.2395780 0.1673556 0.2395780 0.2477658 0.2477658 0.2523447 0.2394327 0.2454961 0.2444990 0.1673556 0.1617693 0.1688895 0.1733619 0.1574477 0.1805232 0.1681139 0.1572503 0.1572503 
Retiboletus_012 0.0071158 0.1589637 0.0071625 0.1645795 0.1865953 0.1645795 0.1820756 0.1820756 0.0000010 0.0000021 0.0000000 0.0000010 0.0024051 0.1968812 0.0071158 0.1614079 0.3075730 0.1473899 0.1473899 0.2577142 0.0072871 0.1559819 0.0047528 0.1865953 0.2436264 0.1490338 0.2473984 0.2436264 0.2419434 0.2550177 0.1681069 0.1719170 0.1708931 0.1614079 0.2303444 0.2153841 0.2222937 0.2022175 0.2022175 0.2293900 0.2293900 0.2331288 0.1466441 0.1548484 0.1589637 0.1630536 0.1534174 0.2452272 0.2535567 0.1942190 0.0698390 0.0879183 0.1358989 0.1908230 0.1468916 0.2436264 0.2980092 0.2330173 0.1437841 0.1437841 0.1433903 0.2535567 0.2436264 0.2762982 0.0023494 0.1955977 0.1586275 0.2586979 0.4200826 0.2431654 0.1040145 0.1301778 0.2990709 0.3031857 0.2525137 0.2476134 0.0000021 0.0000010 0.1468916 0.1644415 0.2442436 0.1680237 0.1722009 0.1757359 0.1530993 0.1167763 0.2454873 0.1683726 0.2454873 0.2537421 0.2537421 0.2550177 0.2419434 0.2480609 0.2471174 0.1683726 0.1589637 0.1660918 0.1703954 0.1545511 0.1775655 0.1716167 0.1572503 0.1572503 
Retiboletus_013 0.0057454 0.1708655 0.0057909 0.1567928 0.1934989 0.1567928 0.1878490 0.1878490 0.0000010 0.0000025 0.0000010 0.0000000 0.0000010 0.1977106 0.0057454 0.1608905 0.3359553 0.1135698 0.1135698 0.2761250 0.0057618 0.1535801 0.0028701 0.1934989 0.2629611 0.1552222 0.2688072 0.2629611 0.2565016 0.2565016 0.1674543 0.1720159 0.1718995 0.1608905 0.2472861 0.2120439 0.2372295 0.2105846 0.2105846 0.2138568 0.2138568 0.2193240 0.1552360 0.1656282 0.1708655 0.1567928 0.1534174 0.2459048 0.2063278 0.1946863 0.0665602 0.0831450 0.1129576 0.1987790 0.1507846 0.2629611 0.3077316 0.2125378 0.1469663 0.1469663 0.1464731 0.2063278 0.2629611 0.2688992 0.0028510 0.1762625 0.1659823 0.2750422 0.3363178 0.2520927 0.0744118 0.1084828 0.3090953 0.3142206 0.1937039 0.2003483 0.0000025 0.0000010 0.1507846 0.1684240 0.2344104 0.1615527 0.1647877 0.1667726 0.1380282 0.1152732 0.1946863 0.1730612 0.1946863 0.1946863 0.1946863 0.2565016 0.2565016 0.2686432 0.2576159 0.1730612 0.1708655 0.1798574 0.1641632 0.1529529 0.1723306 0.1723306 0.1655640 0.1655640 
Retiboletus_014 0.0094946 0.1610274 0.0095568 0.1649302 0.1818309 0.1649302 0.1773735 0.1773735 0.0023429 0.0023924 0.0024051 0.0000010 0.0000000 0.1977106 0.0094946 0.1766812 0.3359553 0.1433850 0.1433850 0.2519200 0.0095169 0.1572978 0.0071344 0.1818309 0.2450643 0.1552222 0.2516518 0.2383503 0.2334157 0.2334157 0.1745656 0.1783951 0.1865756 0.1766812 0.2343341 0.2091478 0.2258656 0.1977132 0.1977132 0.2239634 0.2239634 0.2371164 0.1462306 0.1544068 0.1585079 0.1644469 0.1534174 0.2482510 0.2623305 0.1942190 0.0665184 0.0845306 0.1276520 0.1860098 0.1500086 0.2383503 0.2969957 0.2460698 0.1468975 0.1468975 0.1464950 0.2623305 0.2450643 0.2659049 0.0047919 0.1877004 0.1586674 0.2750422 0.3862952 0.2293174 0.1004147 0.1296861 0.2980504 0.3021512 0.2514595 0.2562007 0.0023488 0.0023429 0.1500086 0.1623505 0.2370911 0.1773156 0.1683105 0.1822868 0.1490979 0.1168206 0.2454873 0.1674978 0.2454873 0.2526588 0.2526588 0.2334157 0.2334157 0.2427348 0.2342147 0.1674978 0.1585079 0.1656142 0.1798019 0.1696891 0.1869718 0.1746096 0.1655640 0.1655640 
Retiboletus_015 0.1899147 0.1964185 0.1954444 0.1783599 0.0000010 0.1783599 0.0000010 0.0000010 0.1968812 0.1968812 0.1968812 0.1977106 0.1977106 0.0000000 0.1899147 0.1947544 0.0000010 0.2086193 0.2086193 0.1749189 0.1899147 0.2013253 0.1899147 0.0000010 0.2251807 0.2850765 0.2192295 0.2251807 0.2186101 0.2186101 0.2830413 0.2899771 0.1947544 0.1947544 0.1451816 0.1194459 0.1503754 0.1167983 0.1167983 0.1783938 0.1783938 0.1842318 0.2030371 0.1898713 0.1964185 0.1783599 0.2657727 0.3257657 0.2738179 0.2723772 0.1424447 0.1847268 0.2009914 0.0032936 0.1876132 0.2251807 0.2476577 0.2368939 0.1816615 0.1816615 0.1876132 0.2738179 0.2251807 0.2130075 0.1912991 0.1642152 0.1964185 0.2479699 0.3070680 0.2164059 0.0729607 0.0429785 0.2487636 0.2538896 0.2879475 0.2818651 0.1921011 0.1968812 0.1876132 0.2593442 0.3202082 0.2013253 0.1950760 0.1968693 0.1576115 0.1823456 0.2723772 0.2925653 0.2723772 0.2723772 0.2723772 0.2186101 0.2186101 0.2310821 0.2186101 0.2925653 0.1964185 0.2153303 0.1950760 0.1947544 0.1950760 0.1950760 0.2800727 0.2800727 
Retiboletus_016 0.0000010 0.1597910 0.0046260 0.1554634 0.1711250 0.1554634 0.1669169 0.1669169 0.0069355 0.0070802 0.0071158 0.0057454 0.0094946 0.1899147 0.0000000 0.1627446 0.3075730 0.1467025 0.1467025 0.2369695 0.0000010 0.1510265 0.0000021 0.1711250 0.2268196 0.1539016 0.2326386 0.2208871 0.2191384 0.2312912 0.1692500 0.1729448 0.1719470 0.1627446 0.2194571 0.2020958 0.2119089 0.1920476 0.1920476 0.2205948 0.2205948 0.2331288 0.1454300 0.1533755 0.1573588 0.1546704 0.1587270 0.2370908 0.2462594 0.1930795 0.0696694 0.0852852 0.1199395 0.1750884 0.1382564 0.2208871 0.2793358 0.2364212 0.1352759 0.1352759 0.1349200 0.2462594 0.2268196 0.2583510 0.0094523 0.1889089 0.1610454 0.2510038 0.3746795 0.2191974 0.0957039 0.1240445 0.2802813 0.2841808 0.2448223 0.2405423 0.0069527 0.0069355 0.1382564 0.1705849 0.2356241 0.1691722 0.1668040 0.1766731 0.1443212 0.1129959 0.2387565 0.1737530 0.2387565 0.2459780 0.2459780 0.2312912 0.2191384 0.2250116 0.2235726 0.1737530 0.1573588 0.1642666 0.1714811 0.1561003 0.1784178 0.1667573 0.1634402 0.1634402 
Retiboletus_018 0.1627446 0.1644148 0.1558800 0.2288649 0.2118565 0.2288649 0.2069844 0.2069844 0.1672665 0.1642979 0.1614079 0.1608905 0.1766812 0.1947544 0.1627446 0.0000000 0.2801833 0.1657192 0.1657192 0.2861756 0.1679833 0.0027219 0.1594920 0.2118565 0.2689430 0.2170154 0.2611669 0.2659935 0.2643971 0.2783586 0.2094478 0.2134946 0.0047749 0.0000010 0.2455666 0.2416421 0.2419128 0.2223519 0.2223519 0.2962356 0.2962356 0.2813818 0.1762942 0.1615377 0.1656901 0.2125702 0.2217733 0.3421902 0.2936377 0.2448255 0.1798113 0.1995556 0.1622525 0.2163600 0.1803056 0.2659935 0.2681103 0.2574470 0.1770125 0.1770125 0.1765015 0.2936377 0.2689430 0.2515063 0.1716176 0.2324034 0.1658379 0.2512520 0.3848548 0.2668817 0.1631584 0.1296173 0.2690293 0.2729728 0.3187991 0.2978992 0.1678463 0.1672665 0.1803056 0.2414220 0.3413206 0.0023942 0.0085088 0.0075200 0.2137375 0.1632427 0.2896861 0.2164715 0.2896861 0.3023319 0.3023319 0.2783586 0.2643971 0.2707268 0.2703325 0.2164715 0.1656901 0.1767876 0.0073526 0.0000010 0.0072681 0.0075931 0.2232091 0.2232091 
Retiboletus_019 0.3075730 0.2614347 0.3191178 0.2730566 0.0000010 0.2730566 0.0000010 0.0000010 0.3075730 0.3075730 0.3075730 0.3359553 0.3359553 0.0000010 0.3075730 0.2801833 0.0000000 0.3900039 0.3900039 0.1976520 0.3362171 0.2937226 0.3075730 0.0000010 0.2877220 0.3412923 0.2767712 0.2877220 0.2844621 0.3171979 0.3608805 0.3736272 0.2801833 0.2801833 0.2208892 0.1791304 0.2312597 0.1836153 0.1836153 0.2903834 0.2903834 0.3025078 0.2494634 0.2493601 0.2614347 0.2730566 0.4762420 0.4218133 0.3268220 0.3686678 0.2345870 0.2549280 0.3830549 0.0053563 0.2518048 0.2877220 0.2876426 0.3025718 0.2404435 0.2404435 0.2518048 0.3268220 0.2877220 0.2478781 0.2962350 0.1420111 0.2772713 0.2877220 0.4291060 0.3061658 0.0905862 0.0443551 0.2898190 0.2985533 0.3868135 0.3412923 0.2985484 0.3075730 0.2518048 0.3589022 0.4762420 0.3038765 0.3060447 0.3147571 0.2622907 0.2418851 0.3686678 0.3608805 0.3686678 0.3686678 0.3686678 0.3171979 0.2844621 0.2877220 0.2994301 0.3608805 0.2614347 0.2962713 0.2904018 0.2801833 0.2904018 0.2928954 0.3412923 0.3412923 
Retiboletus_020 0.1467025 0.1791782 0.1426345 0.1917033 0.2219985 0.1917033 0.2164595 0.2164595 0.1473899 0.1473899 0.1473899 0.1135698 0.1433850 0.2086193 0.1467025 0.1657192 0.3900039 0.0000000 0.0000010 0.2305556 0.1467025 0.1454087 0.1389102 0.2219985 0.2129237 0.1516256 0.2129237 0.2129237 0.2129237 0.2129237 0.1863048 0.1906573 0.1657192 0.1657192 0.2233215 0.2259767 0.2138328 0.2028711 0.2028711 0.1987191 0.1987191 0.1987724 0.1613628 0.1741961 0.1791782 0.1917033 0.1730993 0.2533069 0.2439299 0.1753426 0.1445610 0.1597191 0.0191066 0.2270999 0.1414334 0.2129237 0.2164613 0.1948384 0.1379440 0.1379440 0.1375197 0.2439299 0.2129237 0.2163387 0.1515180 0.1969684 0.1791782 0.1870406 0.3330967 0.2129237 0.1175815 0.1086312 0.2172512 0.2214243 0.2438203 0.2439299 0.1479465 0.1473899 0.1414334 0.1793581 0.2533069 0.1657192 0.1454087 0.1610776 0.1800919 0.1408453 0.2278823 0.1842830 0.2278823 0.2439299 0.2439299 0.2129237 0.2129237 0.2176734 0.2129237 0.1842830 0.1791782 0.1884339 0.1610776 0.1610776 0.1657192 0.1657192 0.1341770 0.1341770 
Retiboletus_021 0.1467025 0.1791782 0.1426345 0.1917033 0.2219985 0.1917033 0.2164595 0.2164595 0.1473899 0.1473899 0.1473899 0.1135698 0.1433850 0.2086193 0.1467025 0.1657192 0.3900039 0.0000010 0.0000000 0.2305556 0.1467025 0.1454087 0.1389102 0.2219985 0.2129237 0.1516256 0.2129237 0.2129237 0.2129237 0.2129237 0.1863048 0.1906573 0.1657192 0.1657192 0.2233215 0.2259767 0.2138328 0.2028711 0.2028711 0.1987191 0.1987191 0.1987724 0.1613628 0.1741961 0.1791782 0.1917033 0.1730993 0.2533069 0.2439299 0.1753426 0.1445610 0.1597191 0.0191066 0.2270999 0.1414334 0.2129237 0.2164613 0.1948384 0.1379440 0.1379440 0.1375197 0.2439299 0.2129237 0.2163387 0.1515180 0.1969684 0.1791782 0.1870406 0.3330967 0.2129237 0.1175815 0.1086312 0.2172512 0.2214243 0.2438203 0.2439299 0.1479465 0.1473899 0.1414334 0.1793581 0.2533069 0.1657192 0.1454087 0.1610776 0.1800919 0.1408453 0.2278823 0.1842830 0.2278823 0.2439299 0.2439299 0.2129237 0.2129237 0.2176734 0.2129237 0.1842830 0.1791782 0.1884339 0.1610776 0.1610776 0.1657192 0.1657192 0.1341770 0.1341770 
Retiboletus_022 0.2369695 0.2140762 0.2289304 0.2016603 0.1749771 0.2016603 0.1755318 0.1755318 0.2475674 0.2557202 0.2577142 0.2761250 0.2519200 0.1749189 0.2369695 0.2861756 0.1976520 0.2305556 0.2305556 0.0000000 0.2456565 0.2926823 0.2327945 0.1749771 0.2862767 0.2541626 0.2857943 0.2773499 0.2827888 0.2982601 0.2804522 0.2853018 0.2952680 0.2861756 0.0586775 0.0630656 0.0476873 0.0437520 0.0437520 0.1460431 0.1460431 0.1506674 0.1957298 0.2054739 0.2103691 0.1993855 0.2237259 0.3519873 0.3479029 0.2912400 0.1618163 0.1738805 0.2224152 0.1792272 0.1712460 0.2773499 0.2767372 0.2831600 0.1718422 0.1718422 0.1751573 0.3479029 0.2862767 0.2699752 0.2501151 0.1814926 0.2172825 0.3210806 0.4157149 0.2789730 0.1349746 0.0608200 0.2777499 0.2819639 0.3575360 0.3619734 0.2437906 0.2475674 0.1712460 0.2761495 0.3443599 0.2973015 0.2841488 0.2805296 0.1953681 0.1677830 0.3461506 0.2837574 0.3461506 0.3524831 0.3524831 0.2982601 0.2827888 0.2825053 0.2897333 0.2837574 0.2103691 0.2230227 0.2705418 0.2781676 0.2785489 0.2696378 0.2916329 0.2916329 
Retiboletus_023 0.0000010 0.1649602 0.0047343 0.1603444 0.1768150 0.1603444 0.1724320 0.1724320 0.0070982 0.0072500 0.0072871 0.0057618 0.0095169 0.1899147 0.0000010 0.1679833 0.3362171 0.1467025 0.1467025 0.2456565 0.0000000 0.1564917 0.0000021 0.1768150 0.2347237 0.1603780 0.2409540 0.2283769 0.2235726 0.2235726 0.1746088 0.1784396 0.1775867 0.1679833 0.2279306 0.2091297 0.2197885 0.1920476 0.1920476 0.2285737 0.2285737 0.2420502 0.1499702 0.1582272 0.1623687 0.1597010 0.1587270 0.2468206 0.2557818 0.1930795 0.0696694 0.0876827 0.1199395 0.1809338 0.1423380 0.2283769 0.2899919 0.2448176 0.1392670 0.1392670 0.1388898 0.2557818 0.2347237 0.2583510 0.0096790 0.1889089 0.1626135 0.2668967 0.3746795 0.2191974 0.0957039 0.1240445 0.2910108 0.2950644 0.2448223 0.2497683 0.0071163 0.0070982 0.1423380 0.1705849 0.2356241 0.1724672 0.1668040 0.1766731 0.1443212 0.1163490 0.2387565 0.1794014 0.2387565 0.2459780 0.2459780 0.2235726 0.2235726 0.2326682 0.2235726 0.1794014 0.1623687 0.1695187 0.1748660 0.1611081 0.1819512 0.1695816 0.1722121 0.1722121 
Retiboletus_024 0.1510265 0.1618709 0.1473365 0.2122227 0.1913716 0.2122227 0.1861462 0.1861462 0.1559819 0.1523068 0.1559819 0.1535801 0.1572978 0.2013253 0.1510265 0.0027219 0.2937226 0.1454087 0.1454087 0.2926823 0.1564917 0.0000000 0.1473896 0.1913716 0.2428804 0.2000471 0.2428804 0.2428804 0.2408756 0.2564169 0.2020452 0.2066457 0.0027219 0.0027219 0.2530399 0.2319050 0.2477843 0.2269090 0.2269090 0.2551439 0.2551439 0.2495142 0.1740594 0.1571042 0.1618709 0.2122227 0.2010363 0.3339846 0.2218061 0.2206805 0.1704491 0.1854429 0.1386312 0.1962552 0.1596084 0.2428804 0.2517069 0.2480806 0.1559252 0.1559252 0.1554204 0.2218061 0.2428804 0.2367205 0.1602825 0.2056604 0.1615450 0.2339645 0.3210914 0.2413024 0.1254254 0.1011538 0.2526990 0.2572238 0.2342958 0.2260382 0.1565890 0.1559819 0.1596084 0.2264804 0.3241820 0.0000010 0.0056498 0.0057003 0.2072522 0.1487377 0.2187916 0.2066650 0.2187916 0.2187916 0.2187916 0.2564169 0.2408756 0.2481392 0.2470169 0.2066650 0.1618709 0.1746780 0.0055561 0.0027219 0.0055561 0.0055714 0.2018199 0.2018199 
Retiboletus_025 0.0000021 0.1570650 0.0023175 0.1477278 0.1669177 0.1477278 0.1627623 0.1627623 0.0046322 0.0047293 0.0047528 0.0028701 0.0071344 0.1899147 0.0000021 0.1594920 0.3075730 0.1389102 0.1389102 0.2327945 0.0000021 0.1473896 0.0000000 0.1669177 0.2283653 0.1496953 0.2342631 0.2223534 0.2206032 0.2328516 0.1620648 0.1657124 0.1686310 0.1594920 0.2142577 0.1982252 0.2077543 0.1879253 0.1879253 0.2157028 0.2157028 0.2278764 0.1427552 0.1506898 0.1546677 0.1466780 0.1541564 0.2329448 0.2423399 0.1887942 0.0669245 0.0827195 0.1165593 0.1708403 0.1357043 0.2223534 0.2699183 0.2292113 0.1327172 0.1327172 0.1323662 0.2423399 0.2283653 0.2489021 0.0071025 0.1830475 0.1582455 0.2523841 0.3769150 0.2207334 0.0914331 0.1246101 0.2708252 0.2746916 0.2406747 0.2366554 0.0046440 0.0046322 0.1357043 0.1617543 0.2312151 0.1658529 0.1629570 0.1732056 0.1359619 0.1103634 0.2345117 0.1663540 0.2345117 0.2418111 0.2418111 0.2328516 0.2206032 0.2265100 0.2250971 0.1663540 0.1546677 0.1615846 0.1681182 0.1528611 0.1750398 0.1632902 0.1581300 0.1581300 
Retiboletus_026 0.1711250 0.2116836 0.1750061 0.1805196 0.0000010 0.1805196 0.0000010 0.0000010 0.1799046 0.1852828 0.1865953 0.1934989 0.1818309 0.0000010 0.1711250 0.2118565 0.0000010 0.2219985 0.2219985 0.1749771 0.1768150 0.1913716 0.1669177 0.0000000 0.2202142 0.2598258 0.2168996 0.2141718 0.2122886 0.2249759 0.2790528 0.2840123 0.2118565 0.2118565 0.1657247 0.1569897 0.1709464 0.1458175 0.1458175 0.1553386 0.1553386 0.1595782 0.2083898 0.2030973 0.2079999 0.1806032 0.2576056 0.3290993 0.3375095 0.2807696 0.1389013 0.1672638 0.1872000 0.0024117 0.1853325 0.2141718 0.2286569 0.2687161 0.1810087 0.1810087 0.1853325 0.3375095 0.2202142 0.2106798 0.1806562 0.2080667 0.2148280 0.2201664 0.4247320 0.2166638 0.1109817 0.1147070 0.2294088 0.2331742 0.3731691 0.3449124 0.1764961 0.1799046 0.1853325 0.2566839 0.3442404 0.2202060 0.1935849 0.2223736 0.1724723 0.1756417 0.3417914 0.2707592 0.3417914 0.3579432 0.3579432 0.2249759 0.2122886 0.2184749 0.2168008 0.2707592 0.2079999 0.2219896 0.2151394 0.2118565 0.2151394 0.2033768 0.2489397 0.2489397 
Retiboletus_028 0.2268196 0.1857956 0.2233619 0.2815055 0.2202142 0.2815055 0.2152595 0.2152595 0.2411162 0.2411162 0.2436264 0.2629611 0.2450643 0.2251807 0.2268196 0.2689430 0.2877220 0.2129237 0.2129237 0.2862767 0.2347237 0.2428804 0.2283653 0.2202142 0.0000000 0.2430225 0.0024131 0.0000010 0.0000010 0.0071902 0.3009435 0.3059723 0.2822589 0.2689430 0.2908860 0.2790728 0.2909929 0.2703515 0.2703515 0.2659235 0.2659235 0.2649419 0.2004399 0.1914863 0.1857956 0.2861242 0.2442501 0.3145716 0.3114226 0.2620629 0.2035537 0.2331688 0.1906452 0.2247745 0.1817502 0.0000010 0.1524503 0.3227079 0.1784259 0.1784259 0.1779060 0.3114226 0.0000010 0.1444887 0.2456410 0.2071311 0.1901213 0.0000010 0.3657674 0.0000010 0.1657871 0.1346969 0.1528876 0.1561391 0.3294626 0.3182384 0.2420201 0.2411162 0.1817502 0.2517593 0.3143024 0.2739493 0.2453164 0.2638915 0.2633516 0.1884404 0.3065544 0.2911928 0.3065544 0.3158093 0.3158093 0.0071902 0.0000010 0.0023615 0.0000010 0.2911928 0.1857956 0.1983445 0.2549304 0.2573219 0.2665984 0.2597400 0.2444827 0.2444827 
Retiboletus_029 0.1539016 0.2107342 0.1356196 0.2595557 0.2598258 0.2595557 0.2523251 0.2523251 0.1490338 0.1490338 0.1490338 0.1552222 0.1552222 0.2850765 0.1539016 0.2170154 0.3412923 0.1516256 0.1516256 0.2541626 0.1603780 0.2000471 0.1496953 0.2598258 0.2430225 0.0000000 0.2491953 0.2430225 0.2426292 0.2606061 0.2034868 0.2088432 0.2084422 0.2170154 0.3169643 0.2805574 0.2929398 0.2606452 0.2606452 0.2763866 0.2763866 0.2697079 0.2156360 0.2193254 0.2107342 0.2595557 0.0751028 0.0956913 0.0062156 0.0033450 0.1612207 0.1568506 0.1506218 0.2666379 0.2027581 0.2430225 0.2702011 0.2610809 0.1981252 0.1981252 0.1973243 0.0062156 0.2430225 0.2417814 0.1539016 0.1365979 0.2177637 0.2501733 0.2967986 0.2423632 0.1210682 0.0886835 0.2628369 0.2702011 0.0033315 0.0030854 0.1496953 0.1490338 0.2027581 0.1686919 0.1003265 0.2277210 0.2099886 0.2129992 0.2498525 0.1789255 0.0033450 0.2103253 0.0033450 0.0033450 0.0033450 0.2606061 0.2426292 0.2490302 0.2497894 0.2103253 0.2107342 0.2213569 0.2043998 0.1938138 0.2286767 0.2297255 0.0000010 0.0000010 
Retiboletus_030 0.2326386 0.1871656 0.2290917 0.2861242 0.2168996 0.2861242 0.2118820 0.2118820 0.2473984 0.2473984 0.2473984 0.2688072 0.2516518 0.2192295 0.2326386 0.2611669 0.2767712 0.2129237 0.2129237 0.2857943 0.2409540 0.2428804 0.2342631 0.2168996 0.0024131 0.2491953 0.0000000 0.0024131 0.0024414 0.0098294 0.3061126 0.3113149 0.2744966 0.2611669 0.2852026 0.2784081 0.2853844 0.2647467 0.2647467 0.2649419 0.2649419 0.2598236 0.2022325 0.1930229 0.1871656 0.2861242 0.2507994 0.3207480 0.3173727 0.2683320 0.2075025 0.2394173 0.1958056 0.2215269 0.1830949 0.0024131 0.1607001 0.3174764 0.1796847 0.1796847 0.1791478 0.3173727 0.0024131 0.1527499 0.2520640 0.2101263 0.1916377 0.0040289 0.3481846 0.0025602 0.1670435 0.1348962 0.1611763 0.1645390 0.3360317 0.3242705 0.2483487 0.2473984 0.1830949 0.2561063 0.3209427 0.2660954 0.2453164 0.2557437 0.2633516 0.1884404 0.3129137 0.2960291 0.3129137 0.3222177 0.3222177 0.0098294 0.0024414 0.0048405 0.0024778 0.2960291 0.1871656 0.2000607 0.2469397 0.2493981 0.2587565 0.2597400 0.2521700 0.2521700 
Retiboletus_031 0.2208871 0.1839715 0.2175229 0.2800054 0.2141718 0.2800054 0.2093918 0.2093918 0.2347059 0.2411162 0.2436264 0.2629611 0.2383503 0.2251807 0.2208871 0.2659935 0.2877220 0.2129237 0.2129237 0.2773499 0.2283769 0.2428804 0.2223534 0.2141718 0.0000010 0.2430225 0.0024131 0.0000000 0.0000010 0.0070556 0.2972501 0.3021401 0.2789111 0.2659935 0.2908860 0.2757677 0.2909929 0.2703515 0.2703515 0.2581482 0.2581482 0.2649419 0.1952466 0.1865844 0.1810997 0.2861242 0.2442501 0.3052499 0.3091042 0.2620629 0.2035537 0.2268076 0.1854255 0.2185828 0.1772501 0.0000010 0.1524246 0.3127906 0.1740099 0.1740099 0.1735155 0.3091042 0.0000010 0.1446305 0.2456410 0.2071311 0.1901213 0.0000010 0.3501277 0.0000010 0.1664631 0.1409125 0.1528529 0.1560375 0.3265415 0.3157597 0.2355628 0.2347059 0.1772501 0.2488615 0.3043135 0.2708202 0.2453164 0.2609620 0.2633516 0.1884404 0.3065544 0.2911928 0.3065544 0.3132289 0.3132289 0.0070556 0.0000010 0.0023179 0.0000010 0.2911928 0.1810997 0.1932648 0.2523198 0.2546630 0.2636948 0.2597400 0.2444827 0.2444827 
Retiboletus_032 0.2191384 0.1820102 0.2157524 0.2851619 0.2122886 0.2851619 0.2074886 0.2074886 0.2330231 0.2394327 0.2419434 0.2565016 0.2334157 0.2186101 0.2191384 0.2643971 0.2844621 0.2129237 0.2129237 0.2827888 0.2235726 0.2408756 0.2206032 0.2122886 0.0000010 0.2426292 0.0024414 0.0000010 0.0000000 0.0000010 0.2958801 0.3008023 0.2773803 0.2643971 0.2970365 0.2800526 0.2970619 0.2703515 0.2703515 0.2628865 0.2628865 0.2700875 0.1933428 0.1846462 0.1791503 0.2916578 0.2442501 0.3059419 0.3098419 0.2620629 0.2035537 0.2263032 0.1854255 0.2167237 0.1799914 0.0000010 0.1547393 0.3114694 0.1766997 0.1766997 0.1761898 0.3098419 0.0000010 0.1446305 0.2439829 0.2071311 0.1856563 0.0000010 0.3501277 0.0000010 0.1664631 0.1409125 0.1551807 0.1584153 0.3265415 0.3166130 0.2338798 0.2330231 0.1799914 0.2488615 0.3043135 0.2652875 0.2453164 0.2609620 0.2633516 0.1864604 0.3065544 0.2897517 0.3065544 0.3132289 0.3132289 0.0000010 0.0000010 0.0023443 0.0000010 0.2897517 0.1791503 0.1913700 0.2523198 0.2529833 0.2636948 0.2597400 0.2440260 0.2440260 
Retiboletus_033 0.2312912 0.1935665 0.2278644 0.2997113 0.2249759 0.2997113 0.2200392 0.2200392 0.2455227 0.2523447 0.2550177 0.2565016 0.2334157 0.2186101 0.2312912 0.2783586 0.3171979 0.2129237 0.2129237 0.2982601 0.2235726 0.2564169 0.2328516 0.2249759 0.0071902 0.2606061 0.0098294 0.0070556 0.0000010 0.0000000 0.3102963 0.3153311 0.2917869 0.2783586 0.3139116 0.2950963 0.3137047 0.2703515 0.2703515 0.2771458 0.2771458 0.2852677 0.2051208 0.1961944 0.1904959 0.3070199 0.2442501 0.3231317 0.3266336 0.2620629 0.2035537 0.2391462 0.1854255 0.2295089 0.1912111 0.0070556 0.1655245 0.3268816 0.1878830 0.1878830 0.1873357 0.3266336 0.0071902 0.1446305 0.2569957 0.2071311 0.1856563 0.0123908 0.3501277 0.0000010 0.1664631 0.1409125 0.1660012 0.1692722 0.3265415 0.3336218 0.2464336 0.2455227 0.1912111 0.2488615 0.3043135 0.2652875 0.2453164 0.2609620 0.2633516 0.1983545 0.3065544 0.3043527 0.3065544 0.3132289 0.3132289 0.0000010 0.0000010 0.0094349 0.0000010 0.3043527 0.1904959 0.2029901 0.2523198 0.2668027 0.2636948 0.2597400 0.2665599 0.2665599 
Retiboletus_034 0.1692500 0.2414332 0.1543727 0.2438176 0.2790528 0.2438176 0.2733599 0.2733599 0.1699823 0.1670923 0.1681069 0.1674543 0.1745656 0.2830413 0.1692500 0.2094478 0.3608805 0.1863048 0.1863048 0.2804522 0.1746088 0.2020452 0.1620648 0.2790528 0.3009435 0.2034868 0.3061126 0.2972501 0.2958801 0.3102963 0.0000000 0.0022958 0.2157880 0.2094478 0.2698981 0.2655604 0.2601085 0.2560694 0.2560694 0.3038659 0.3038659 0.3080892 0.2320674 0.2323782 0.2373471 0.2478390 0.1974331 0.3303899 0.2909022 0.2235457 0.1458851 0.1567116 0.1756569 0.2841601 0.1924533 0.2972501 0.2564627 0.2673899 0.1892205 0.1892205 0.1886851 0.2909022 0.3009435 0.2547474 0.1742752 0.1606097 0.2406934 0.2903709 0.4140540 0.2826426 0.1504048 0.1659863 0.2572909 0.2610006 0.2882127 0.3022966 0.1705598 0.1699823 0.1924533 0.0087244 0.3197173 0.2129661 0.2045156 0.2043727 0.2238639 0.1911507 0.2772822 0.0071390 0.2772822 0.2839916 0.2839916 0.3102963 0.2958801 0.3021401 0.3025756 0.0071390 0.2373471 0.2499323 0.1982651 0.1994304 0.2083832 0.1983689 0.2328185 0.2328185 
Retiboletus_035 0.1729448 0.2459033 0.1579583 0.2482096 0.2840123 0.2482096 0.2782612 0.2782612 0.1736982 0.1708758 0.1719170 0.1720159 0.1783951 0.2899771 0.1729448 0.2134946 0.3736272 0.1906573 0.1906573 0.2853018 0.1784396 0.2066457 0.1657124 0.2840123 0.3059723 0.2088432 0.3113149 0.3021401 0.3008023 0.3153311 0.0022958 0.0000000 0.2199192 0.2134946 0.2750847 0.2702878 0.2650621 0.2611464 0.2611464 0.3090859 0.3090859 0.3136158 0.2363955 0.2367106 0.2417268 0.2524479 0.2032253 0.3365109 0.2961200 0.2288368 0.1497829 0.1603513 0.1796443 0.2891616 0.1962459 0.3021401 0.2610006 0.2720464 0.1930011 0.1930011 0.1924533 0.2961200 0.3059723 0.2594419 0.1780997 0.1656550 0.2452841 0.2985677 0.4224795 0.2876747 0.1550681 0.1712063 0.2618465 0.2655717 0.2936615 0.3076247 0.1742900 0.1736982 0.1962459 0.0087244 0.3261080 0.2170930 0.2092685 0.2085658 0.2285543 0.1951868 0.2827930 0.0095467 0.2827930 0.2894207 0.2894207 0.3153311 0.3008023 0.3070687 0.3076374 0.0095467 0.2417268 0.2543929 0.2023123 0.2034402 0.2124682 0.2025609 0.2398376 0.2398376 
Retiboletus_036 0.1719470 0.1700057 0.1603607 0.2404258 0.2118565 0.2404258 0.2069844 0.2069844 0.1766341 0.1738141 0.1708931 0.1718995 0.1865756 0.1947544 0.1719470 0.0047749 0.2801833 0.1657192 0.1657192 0.2952680 0.1775867 0.0027219 0.1686310 0.2118565 0.2822589 0.2084422 0.2744966 0.2789111 0.2773803 0.2917869 0.2157880 0.2199192 0.0000000 0.0047749 0.2537415 0.2493464 0.2498809 0.2302075 0.2302075 0.2962356 0.2962356 0.2813818 0.1821515 0.1669829 0.1712322 0.2240584 0.2253170 0.3473908 0.2843779 0.2356215 0.1798113 0.1995556 0.1622525 0.2163600 0.1860171 0.2789111 0.2814086 0.2697604 0.1826724 0.1826724 0.1821372 0.2843779 0.2822589 0.2647738 0.1813147 0.2361506 0.1716169 0.2722411 0.4006148 0.2806300 0.1755043 0.1296173 0.2823939 0.2864286 0.3082673 0.2885551 0.1772572 0.1766341 0.1860171 0.2431071 0.3468592 0.0072718 0.0085088 0.0075200 0.2261493 0.1649371 0.2796789 0.2231387 0.2796789 0.2922321 0.2922321 0.2917869 0.2773803 0.2837949 0.2837433 0.2231387 0.1712322 0.1825417 0.0073526 0.0000010 0.0122661 0.0128211 0.2123221 0.2123221 
Retiboletus_037 0.1627446 0.1644148 0.1558800 0.2288649 0.2118565 0.2288649 0.2069844 0.2069844 0.1672665 0.1642979 0.1614079 0.1608905 0.1766812 0.1947544 0.1627446 0.0000010 0.2801833 0.1657192 0.1657192 0.2861756 0.1679833 0.0027219 0.1594920 0.2118565 0.2689430 0.2170154 0.2611669 0.2659935 0.2643971 0.2783586 0.2094478 0.2134946 0.0047749 0.0000000 0.2455666 0.2416421 0.2419128 0.2223519 0.2223519 0.2962356 0.2962356 0.2813818 0.1762942 0.1615377 0.1656901 0.2125702 0.2217733 0.3421902 0.2936377 0.2448255 0.1798113 0.1995556 0.1622525 0.2163600 0.1803056 0.2659935 0.2681103 0.2574470 0.1770125 0.1770125 0.1765015 0.2936377 0.2689430 0.2515063 0.1716176 0.2324034 0.1658379 0.2512520 0.3848548 0.2668817 0.1631584 0.1296173 0.2690293 0.2729728 0.3187991 0.2978992 0.1678463 0.1672665 0.1803056 0.2414220 0.3413206 0.0023942 0.0085088 0.0075200 0.2137375 0.1632427 0.2896861 0.2164715 0.2896861 0.3023319 0.3023319 0.2783586 0.2643971 0.2707268 0.2703325 0.2164715 0.1656901 0.1767876 0.0073526 0.0000010 0.0072681 0.0075931 0.2232091 0.2232091 
Retiboletus_038 0.2194571 0.2052936 0.2110815 0.1525435 0.1657247 0.1525435 0.1662756 0.1662756 0.2303444 0.2311452 0.2303444 0.2472861 0.2343341 0.1451816 0.2194571 0.2455666 0.2208892 0.2233215 0.2233215 0.0586775 0.2279306 0.2530399 0.2142577 0.1657247 0.2908860 0.3169643 0.2852026 0.2908860 0.2970365 0.3139116 0.2698981 0.2750847 0.2537415 0.2455666 0.0000000 0.0052343 0.0131119 0.0168979 0.0168979 0.1517677 0.1517677 0.1561370 0.1927248 0.2000102 0.2052936 0.1525435 0.2715390 0.4189142 0.4151974 0.3469541 0.1455479 0.1495360 0.2038033 0.1701416 0.1642849 0.2908860 0.2692266 0.2679640 0.1648900 0.1648900 0.1683914 0.4151974 0.2908860 0.2601628 0.2255963 0.1474926 0.2059368 0.3452703 0.3461203 0.2914004 0.0915180 0.0037254 0.2702393 0.2745678 0.4189522 0.4313197 0.2263776 0.2303444 0.1642849 0.2743446 0.4033117 0.2486736 0.2443499 0.2327944 0.1410420 0.1710757 0.4029598 0.2721695 0.4029598 0.4135055 0.4135055 0.3139116 0.2970365 0.2964978 0.3049163 0.2721695 0.2052936 0.2190234 0.2247222 0.2386485 0.2316078 0.2324894 0.3445551 0.3445551 
Retiboletus_039 0.2020958 0.2035986 0.1945817 0.1571861 0.1569897 0.1571861 0.1574624 0.1574624 0.2116970 0.2138066 0.2153841 0.2120439 0.2091478 0.1194459 0.2020958 0.2416421 0.1791304 0.2259767 0.2259767 0.0630656 0.2091297 0.2319050 0.1982252 0.1569897 0.2790728 0.2805574 0.2784081 0.2757677 0.2800526 0.2950963 0.2655604 0.2702878 0.2493464 0.2416421 0.0052343 0.0000000 0.0185192 0.0162334 0.0162334 0.1685224 0.1685224 0.1701516 0.1888500 0.1953809 0.2001289 0.1534511 0.2715390 0.3786524 0.3902893 0.3469541 0.1602871 0.1662754 0.2139620 0.1609546 0.1727167 0.2757677 0.2631069 0.2699741 0.1733104 0.1733104 0.1765882 0.3902893 0.2790728 0.2732387 0.2087901 0.1791772 0.2018076 0.3189347 0.4450291 0.2834513 0.1143966 0.0168571 0.2640184 0.2680018 0.4079089 0.3902893 0.2081202 0.2116970 0.1727167 0.2866654 0.3965166 0.2452193 0.2421044 0.2468976 0.1545304 0.1549613 0.4029598 0.2754493 0.4029598 0.4080938 0.4080938 0.2950963 0.2800526 0.2808048 0.2867513 0.2754493 0.2001289 0.2088377 0.2385377 0.2350468 0.2452193 0.2304419 0.2961840 0.2961840 
Retiboletus_040 0.2119089 0.2074294 0.2038611 0.1749794 0.1709464 0.1749794 0.1715082 0.1715082 0.2222937 0.2230386 0.2222937 0.2372295 0.2258656 0.1503754 0.2119089 0.2419128 0.2312597 0.2138328 0.2138328 0.0476873 0.2197885 0.2477843 0.2077543 0.1709464 0.2909929 0.2929398 0.2853844 0.2909929 0.2970619 0.3137047 0.2601085 0.2650621 0.2498809 0.2419128 0.0131119 0.0185192 0.0000000 0.0026800 0.0026800 0.1512786 0.1512786 0.1555255 0.1951491 0.2022769 0.2074294 0.1749794 0.2585066 0.4026631 0.3897739 0.3222677 0.1444216 0.1483587 0.2004551 0.1753356 0.1545862 0.2909929 0.3054564 0.2682659 0.1551326 0.1551326 0.1584855 0.3897739 0.2909929 0.2971052 0.2177464 0.1652127 0.2081013 0.3332385 0.3420237 0.2915066 0.0986369 0.0036262 0.3066506 0.3111703 0.3918933 0.4049722 0.2184733 0.2222937 0.1545862 0.2617480 0.3865898 0.2449226 0.2392089 0.2283805 0.1641099 0.1665846 0.3765377 0.2622169 0.3765377 0.3866811 0.3866811 0.3137047 0.2970619 0.2965300 0.3048323 0.2622169 0.2074294 0.2207900 0.2206230 0.2342137 0.2282286 0.2290825 0.3119405 0.3119405 
