9
hay_f_003179|ITS|PP659827.1 0.0000000 0.0000010 0.0000010 0.1480139 0.1861400 0.1309627 0.2110859 0.8070080 0.0000010 
hay_f_006163|ITS|OR858671.1 0.0000010 0.0000000 0.0000010 0.1480139 0.1861400 0.1309627 0.2110859 0.8070080 0.0000010 
ahs59581|ITS|KX610672.1     0.0000010 0.0000010 0.0000000 0.1480139 0.1804456 0.1309627 0.2115989 0.7596897 0.0000010 
jlf4456|ITS|MH213058.1      0.1480139 0.1480139 0.1480139 0.0000000 0.0083306 0.1827103 0.0000010 0.7388140 0.0953909 
jlf3420|ITS|KU160177.1      0.1861400 0.1861400 0.1804456 0.0083306 0.0000000 0.1998706 0.0230170 0.8129096 0.1588205 
jlf2137|ITS|JX415334.1      0.1309627 0.1309627 0.1309627 0.1827103 0.1998706 0.0000000 0.2435692 0.8242107 0.1545956 
snf167|ITS|AY558749.1       0.2110859 0.2110859 0.2115989 0.0000010 0.0230170 0.2435692 0.0000000 0.8104390 0.1365712 
snf309|ITS|AY558748.1       0.8070080 0.8070080 0.7596897 0.7388140 0.8129096 0.8242107 0.8104390 0.0000000 0.8024813 
snf181|ITS|AY558747.1       0.0000010 0.0000010 0.0000010 0.0953909 0.1588205 0.1545956 0.1365712 0.8024813 0.0000000 
