40
hkas115204|ITS|MZ427218.1                   0.0000000 0.0023117 0.0023144 0.9755682 0.0023117 0.1549640 0.1659531 0.1920647 0.6683487 0.5217914 0.1892464 0.1974702 0.1826185 0.1723985 0.1855398 0.1828711 0.1646087 0.1759575 0.1415473 0.1652667 0.1971366 0.7636731 0.1852528 0.1652530 0.0024142 0.0069719 0.0046359 0.0046284 0.0023150 0.0023150 0.0069521 0.0069514 0.0069636 0.1824085 0.1856019 0.1795859 0.1479400 0.1682358 0.1736092 0.6683487 
hkas115183|ITS|MZ427199.1                   0.0023117 0.0000000 0.0000023 0.9686475 0.0000010 0.1519193 0.1631345 0.1885417 0.6632737 0.5156466 0.1855996 0.1936509 0.1791099 0.1694156 0.1826720 0.1798354 0.1617709 0.1730022 0.1383822 0.1624590 0.1940276 0.7567219 0.1823898 0.1618662 0.0000010 0.0046420 0.0023150 0.0023113 0.0000010 0.0000010 0.0046289 0.0046284 0.0046365 0.1795528 0.1827324 0.1767372 0.1450938 0.1653756 0.1707813 0.6632737 
hkas115175|ITS|MZ427191.1                   0.0023144 0.0000023 0.0000000 0.9686475 0.0000023 0.1519193 0.1631345 0.1853742 0.6597046 0.5156466 0.1823151 0.1902264 0.1759394 0.1667055 0.1800849 0.1770927 0.1591819 0.1703222 0.1383822 0.1598984 0.1912401 0.7567219 0.1798065 0.1618662 0.0000024 0.0046475 0.0023178 0.0023140 0.0000023 0.0000023 0.0046344 0.0046339 0.0046411 0.1769722 0.1801438 0.1741591 0.1450938 0.1624900 0.1682137 0.6597046 
fructification|ITS|OQ743520.1               0.9755682 0.9686475 0.9686475 0.0000000 0.9686475 1.0240509 1.0715515 0.7687907 1.0860069 0.8012659 0.7909074 0.8454605 0.7503985 0.9139924 1.0817021 0.8986308 1.0143793 0.9159132 0.7900355 1.0756095 0.8720050 0.9343435 1.0930234 0.9044768 0.8323076 0.9625223 0.9618771 0.9753510 0.9646389 0.9646389 0.9753510 0.9685898 0.9680166 1.0930234 1.1009362 1.0930234 1.0334334 1.0028711 1.0937528 1.0860069 
fructification|ITS|OQ555174.1               0.0023117 0.0000010 0.0000023 0.9686475 0.0000000 0.1519193 0.1631345 0.1885417 0.6632737 0.5156466 0.1855996 0.1936509 0.1791099 0.1694156 0.1826720 0.1798354 0.1617709 0.1730022 0.1383822 0.1624590 0.1940276 0.7567219 0.1823898 0.1618662 0.0000010 0.0046420 0.0023150 0.0023113 0.0000010 0.0000010 0.0046289 0.0046284 0.0046365 0.1795528 0.1827324 0.1767372 0.1450938 0.1653756 0.1707813 0.6632737 
fructification|ITS|OQ555173.1               0.1549640 0.1519193 0.1519193 1.0240509 0.1519193 0.0000000 0.0076940 0.0032018 0.6805566 0.5174039 0.0169548 0.0177072 0.0163492 0.0109999 0.0051305 0.0027464 0.0052281 0.0108510 0.0141144 0.0527991 0.0841523 0.7697110 0.0051227 0.0521680 0.1497582 0.1583014 0.1549640 0.1549329 0.1521895 0.1521895 0.1580080 0.1579858 0.1522513 0.0025580 0.0025580 0.0051238 0.0076933 0.0105344 0.0129007 0.6805566 
hkas111700|ITS|ON794224.1                   0.1659531 0.1631345 0.1631345 1.0715515 0.1631345 0.0076940 0.0000000 0.0057145 0.6658735 0.5294023 0.0119699 0.0124358 0.0115910 0.0074460 0.0070178 0.0049781 0.0023709 0.0122897 0.0109046 0.0504103 0.0784501 0.7648364 0.0046661 0.0521621 0.1615962 0.1690606 0.1659531 0.1659225 0.1634018 0.1634018 0.1687699 0.1687480 0.1634650 0.0070080 0.0093692 0.0093570 0.0048164 0.0119812 0.0093710 0.6658735 
le315626|ITS|MZ451348.1                     0.1920647 0.1885417 0.1853742 0.7687907 0.1885417 0.0032018 0.0057145 0.0000000 0.5772222 0.3303120 0.0118949 0.0123552 0.0115206 0.0085251 0.0000028 0.0000028 0.0056895 0.0142242 0.0092996 0.0523551 0.0553391 0.5686365 0.0028173 0.0144489 0.1885417 0.1849781 0.1884876 0.1885417 0.1885417 0.1885417 0.1920959 0.1920647 0.1850719 0.0000028 0.0028224 0.0028179 0.0029656 0.0200820 0.0085098 0.5772222 
ny                                          0.6683487 0.6632737 0.6597046 1.0860069 0.6632737 0.6805566 0.6658735 0.5772222 0.0000000 0.2986307 0.5951215 0.6327499 0.5657824 0.5948081 0.6873087 0.5937614 0.6415668 0.6117134 0.6003589 0.7204409 0.6463630 0.7377623 0.6806484 0.6841923 0.5901126 0.6724145 0.6547285 0.6682017 0.6597046 0.6597046 0.6682017 0.6632221 0.6608190 0.6857229 0.6934822 0.6857229 0.6518056 0.6352716 0.6884948 0.0000010 
fhmu846|ITS|MT650111.1                      0.5217914 0.5156466 0.5156466 0.8012659 0.5156466 0.5174039 0.5294023 0.3303120 0.2986307 0.0000000 0.3439932 0.3727734 0.3223094 0.3764430 0.5188015 0.3797436 0.4860079 0.3981813 0.3990741 0.5669518 0.4464246 0.6294801 0.5294023 0.5550509 0.3908864 0.5302010 0.5217914 0.5216331 0.5088512 0.5088512 0.5216331 0.5277976 0.5075367 0.5233942 0.5233942 0.5233942 0.5171672 0.4464363 0.5315833 0.2986307 
fhmu3109|ITS|MT650110.1                     0.1892464 0.1855996 0.1823151 0.7909074 0.1855996 0.0169548 0.0119699 0.0118949 0.5951215 0.3439932 0.0000000 0.0000010 0.0000010 0.0029458 0.0148665 0.0148665 0.0029644 0.0029399 0.0064713 0.0482836 0.0513737 0.6001964 0.0178373 0.0152900 0.1855996 0.1819127 0.1855452 0.1855996 0.1855996 0.1855996 0.1892782 0.1892464 0.1820076 0.0148420 0.0178717 0.0178418 0.0124909 0.0148747 0.0029403 0.5951215 
fhmu3084|ITS|MT650109.1                     0.1974702 0.1936509 0.1902264 0.8454605 0.1936509 0.0177072 0.0124358 0.0123552 0.6327499 0.3727734 0.0000010 0.0000000 0.0000010 0.0030588 0.0154415 0.0154415 0.0030789 0.0030525 0.0067441 0.0501811 0.0533955 0.6546953 0.0185270 0.0160593 0.1936509 0.1897855 0.1935891 0.1936509 0.1936509 0.1936509 0.1975050 0.1974702 0.1898910 0.0154151 0.0185642 0.0185319 0.0129989 0.0154514 0.0030529 0.6327499 
fhmu2981|ITS|MT650108.1                     0.1826185 0.1791099 0.1759394 0.7503985 0.1791099 0.0163492 0.0115910 0.0115206 0.5657824 0.3223094 0.0000010 0.0000010 0.0000000 0.0028537 0.0143989 0.0143989 0.0028710 0.0028482 0.0062504 0.0467428 0.0497321 0.5595681 0.0172762 0.0146766 0.1791099 0.1755658 0.1790611 0.1791099 0.1791099 0.1791099 0.1826480 0.1826185 0.1756524 0.0143759 0.0173085 0.0172805 0.0120789 0.0144075 0.0028486 0.5657824 
fhmu2230|ITS|MT650107.1                     0.1723985 0.1694156 0.1667055 0.9139924 0.1694156 0.0109999 0.0074460 0.0085251 0.5948081 0.3764430 0.0029458 0.0030588 0.0028537 0.0000000 0.0098752 0.0099214 0.0000010 0.0049045 0.0027154 0.0400378 0.0696411 0.5953895 0.0123425 0.0276096 0.1694156 0.1697085 0.1693782 0.1694156 0.1694156 0.1694156 0.1724222 0.1723985 0.1664733 0.0098617 0.0123622 0.0123451 0.0077127 0.0098802 0.0000010 0.5948081 
fhmu2209|ITS|MT650106.1                     0.1855398 0.1826720 0.1800849 1.0817021 0.1826720 0.0051305 0.0070178 0.0000028 0.6873087 0.5188015 0.0148665 0.0154415 0.0143989 0.0098752 0.0000000 0.0000010 0.0047111 0.0146700 0.0109232 0.0550001 0.0806158 0.7760313 0.0023099 0.0522520 0.1789275 0.1858124 0.1826306 0.1855055 0.1829739 0.1829739 0.1884053 0.1883804 0.1830495 0.0023099 0.0046321 0.0046261 0.0072445 0.0191770 0.0140038 0.6873087 
fhmu2197|ITS|MT650105.1                     0.1828711 0.1798354 0.1770927 0.8986308 0.1798354 0.0027464 0.0049781 0.0000028 0.5937614 0.3797436 0.0148665 0.0154415 0.0143989 0.0099214 0.0000010 0.0000000 0.0049598 0.0148964 0.0109232 0.0506838 0.0806158 0.5921978 0.0000010 0.0308939 0.1798354 0.1801504 0.1797928 0.1798354 0.1798354 0.1798354 0.1828967 0.1828711 0.1768429 0.0000010 0.0024628 0.0024594 0.0051495 0.0200084 0.0099059 0.5937614 
fhmu2104|ITS|MT650104.1                     0.1646087 0.1617709 0.1591819 1.0143793 0.1617709 0.0052281 0.0023709 0.0056895 0.6415668 0.4860079 0.0029644 0.0030789 0.0028710 0.0000010 0.0047111 0.0049598 0.0000000 0.0048783 0.0000010 0.0384316 0.0673455 0.7237924 0.0047111 0.0410511 0.1675950 0.1648500 0.1617383 0.1645781 0.1620379 0.1620379 0.1674448 0.1674229 0.1621008 0.0047111 0.0070858 0.0070765 0.0049099 0.0095657 0.0023529 0.6415668 
fhmu1684|ITS|MT650103.1                     0.1759575 0.1730022 0.1703222 0.9159132 0.1730022 0.0108510 0.0122897 0.0142242 0.6117134 0.3981813 0.0029399 0.0030525 0.0028482 0.0049045 0.0146700 0.0148964 0.0048783 0.0000000 0.0081546 0.0446003 0.0748732 0.6336485 0.0171130 0.0395946 0.1730022 0.1732981 0.1729637 0.1730022 0.1730022 0.1730022 0.1759815 0.1759575 0.1700875 0.0146502 0.0171401 0.0171166 0.0127256 0.0146775 0.0048456 0.6117134 
fhmu1428|ITS|MT650102.1                     0.1415473 0.1383822 0.1383822 0.7900355 0.1383822 0.0141144 0.0109046 0.0092996 0.6003589 0.3990741 0.0064713 0.0067441 0.0062504 0.0027154 0.0109232 0.0109232 0.0000010 0.0081546 0.0000000 0.0415306 0.0648659 0.6265162 0.0136522 0.0219146 0.1383822 0.1383822 0.1415473 0.1383822 0.1383822 0.1383822 0.1415679 0.1415473 0.1352551 0.0109057 0.0136764 0.0136554 0.0109035 0.0027107 0.0027107 0.6003589 
520625mf484_11_hgasmf01_9079|ITS|MZ092715.1 0.1652667 0.1624590 0.1598984 1.0756095 0.1624590 0.0527991 0.0504103 0.0523551 0.7204409 0.5669518 0.0482836 0.0501811 0.0467428 0.0400378 0.0550001 0.0506838 0.0384316 0.0446003 0.0415306 0.0000000 0.0276518 0.8109957 0.0549221 0.0669978 0.1609353 0.1655064 0.1624265 0.1652363 0.1627242 0.1627242 0.1680728 0.1680510 0.1627868 0.0524712 0.0550092 0.0549335 0.0495518 0.0485757 0.0401311 0.7204409 
sfc20140823_14|ITS|MN794903.1               0.1971366 0.1940276 0.1912401 0.8720050 0.1940276 0.0841523 0.0784501 0.0553391 0.6463630 0.4464246 0.0513737 0.0533955 0.0497321 0.0696411 0.0806158 0.0806158 0.0673455 0.0748732 0.0648659 0.0276518 0.0000000 0.6392098 0.0832052 0.0699598 0.1940276 0.1943735 0.1939772 0.1940276 0.1940276 0.1940276 0.1971648 0.1971366 0.1909655 0.0804998 0.0833515 0.0832241 0.0784972 0.0806656 0.0695281 0.6463630 
hkas105274|ITS|MT520084.1                   0.7636731 0.7567219 0.7567219 0.9343435 0.7567219 0.7697110 0.7648364 0.5686365 0.7377623 0.6294801 0.6001964 0.6546953 0.5595681 0.5953895 0.7760313 0.5921978 0.7237924 0.6336485 0.6265162 0.8109957 0.6392098 0.0000000 0.7760313 0.7723612 0.6086113 0.7608577 0.7636731 0.7495504 0.7480417 0.7480417 0.7495504 0.7564926 0.7459337 0.7760313 0.7760313 0.7691125 0.7766721 0.6860900 0.7809091 0.7377623 
mhhnu_30884|ITS|MK253774.1                  0.1852528 0.1823898 0.1798065 1.0930234 0.1823898 0.0051227 0.0046661 0.0028173 0.6806484 0.5294023 0.0178373 0.0185270 0.0172762 0.0123425 0.0023099 0.0000010 0.0047111 0.0171130 0.0136522 0.0549221 0.0832052 0.7760313 0.0000000 0.0521621 0.1816083 0.1855245 0.1823485 0.1852185 0.1826907 0.1826907 0.1881134 0.1880886 0.1827660 0.0023068 0.0046258 0.0046198 0.0072341 0.0215717 0.0139844 0.6806484 
mhhnu_8832|ITS|MK430044.1                   0.1652530 0.1618662 0.1618662 0.9044768 0.1618662 0.0521680 0.0521621 0.0144489 0.6841923 0.5550509 0.0152900 0.0160593 0.0146766 0.0276096 0.0522520 0.0308939 0.0410511 0.0395946 0.0219146 0.0669978 0.0699598 0.7723612 0.0521621 0.0000000 0.1496703 0.1689890 0.1652530 0.1652164 0.1621851 0.1621851 0.1686396 0.1686132 0.1622603 0.0491923 0.0491923 0.0521752 0.0521570 0.0413294 0.0492793 0.6841923 
mg484|ITS|KX911873.1                        0.0024142 0.0000010 0.0000024 0.8323076 0.0000010 0.1497582 0.1615962 0.1885417 0.5901126 0.3908864 0.1855996 0.1936509 0.1791099 0.1694156 0.1789275 0.1798354 0.1675950 0.1730022 0.1383822 0.1609353 0.1940276 0.6086113 0.1816083 0.1496703 0.0000000 0.0024216 0.0024179 0.0000010 0.0000010 0.0000010 0.0024145 0.0024142 0.0024145 0.1786595 0.1819628 0.1757332 0.1427959 0.1695463 0.1663523 0.5901126 
hkas_68284|ITS|KP137002.1                   0.0069719 0.0046420 0.0046475 0.9625223 0.0046420 0.1583014 0.1690606 0.1849781 0.6724145 0.5302010 0.1819127 0.1897855 0.1755658 0.1697085 0.1858124 0.1801504 0.1648500 0.1732981 0.1383822 0.1655064 0.1943735 0.7608577 0.1855245 0.1689890 0.0024216 0.0000000 0.0069719 0.0023178 0.0046488 0.0046488 0.0046420 0.0046415 0.0093225 0.1826757 0.1858747 0.1798486 0.1510465 0.1716795 0.1738620 0.6724145 
hkas_68306|ITS|KP137001.1                   0.0046359 0.0023150 0.0023178 0.9618771 0.0023150 0.1549640 0.1659531 0.1884876 0.6547285 0.5217914 0.1855452 0.1935891 0.1790611 0.1693782 0.1826306 0.1797928 0.1617383 0.1729637 0.1415473 0.1624265 0.1939772 0.7636731 0.1823485 0.1652530 0.0024179 0.0069719 0.0000000 0.0046352 0.0023184 0.0023184 0.0069623 0.0023149 0.0069738 0.1795128 0.1826909 0.1766986 0.1479400 0.1685156 0.1707453 0.6547285 
hkas_68318|ITS|KP136999.1                   0.0046284 0.0023113 0.0023140 0.9753510 0.0023113 0.1549329 0.1659225 0.1885417 0.6682017 0.5216331 0.1855996 0.1936509 0.1791099 0.1694156 0.1855055 0.1798354 0.1645781 0.1730022 0.1383822 0.1652363 0.1940276 0.7495504 0.1852185 0.1652164 0.0000010 0.0023178 0.0046352 0.0000000 0.0023147 0.0023147 0.0023113 0.0023110 0.0069625 0.1823748 0.1855675 0.1795528 0.1479121 0.1682044 0.1735773 0.6682017 
hkas_54803|ITS|KP136998.1                   0.0023150 0.0000010 0.0000023 0.9646389 0.0000010 0.1521895 0.1634018 0.1885417 0.6597046 0.5088512 0.1855996 0.1936509 0.1791099 0.1694156 0.1829739 0.1798354 0.1620379 0.1730022 0.1383822 0.1627242 0.1940276 0.7480417 0.1826907 0.1621851 0.0000010 0.0046488 0.0023184 0.0023147 0.0000000 0.0000010 0.0046357 0.0046352 0.0023153 0.1798486 0.1830345 0.1770281 0.1453358 0.1656502 0.1710610 0.6597046 
hkas_54450|ITS|KP136997.1                   0.0023150 0.0000010 0.0000023 0.9646389 0.0000010 0.1521895 0.1634018 0.1885417 0.6597046 0.5088512 0.1855996 0.1936509 0.1791099 0.1694156 0.1829739 0.1798354 0.1620379 0.1730022 0.1383822 0.1627242 0.1940276 0.7480417 0.1826907 0.1621851 0.0000010 0.0046488 0.0023184 0.0023147 0.0000010 0.0000000 0.0046357 0.0046352 0.0023153 0.1798486 0.1830345 0.1770281 0.1453358 0.1656502 0.1710610 0.6597046 
hkas_68342|ITS|KP136996.1                   0.0069521 0.0046289 0.0046344 0.9753510 0.0046289 0.1580080 0.1687699 0.1920959 0.6682017 0.5216331 0.1892782 0.1975050 0.1826480 0.1724222 0.1884053 0.1828967 0.1674448 0.1759815 0.1415679 0.1680728 0.1971648 0.7495504 0.1881134 0.1686396 0.0024145 0.0046420 0.0069623 0.0023113 0.0046357 0.0046357 0.0000000 0.0046284 0.0092960 0.1852620 0.1884690 0.1824325 0.1507853 0.1710943 0.1764353 0.6682017 
hkas_57735|ITS|KP136995.1                   0.0069514 0.0046284 0.0046339 0.9685898 0.0046284 0.1579858 0.1687480 0.1920647 0.6632221 0.5277976 0.1892464 0.1974702 0.1826185 0.1723985 0.1883804 0.1828711 0.1674229 0.1759575 0.1415473 0.1680510 0.1971366 0.7564926 0.1880886 0.1686132 0.0024142 0.0046415 0.0023149 0.0023110 0.0046352 0.0046352 0.0046284 0.0000000 0.0092950 0.1852376 0.1884441 0.1824085 0.1507655 0.1710717 0.1764122 0.6632221 
hkas_61644|ITS|KP136994.1                   0.0069636 0.0046365 0.0046411 0.9680166 0.0046365 0.1522513 0.1634650 0.1850719 0.6608190 0.5075367 0.1820076 0.1898910 0.1756524 0.1664733 0.1830495 0.1768429 0.1621008 0.1700875 0.1352551 0.1627868 0.1909655 0.7459337 0.1827660 0.1622603 0.0024145 0.0093225 0.0069738 0.0069625 0.0023153 0.0023153 0.0092960 0.0092950 0.0000000 0.1799221 0.1831102 0.1770997 0.1453900 0.1657157 0.1711288 0.6608190 
hkas_53383|ITS|KP136993.1                   0.1824085 0.1795528 0.1769722 1.0930234 0.1795528 0.0025580 0.0070080 0.0000028 0.6857229 0.5233942 0.0148420 0.0154151 0.0143759 0.0098617 0.0023099 0.0000010 0.0047111 0.0146502 0.0109057 0.0524712 0.0804998 0.7760313 0.0023068 0.0491923 0.1786595 0.1826757 0.1795128 0.1823748 0.1798486 0.1798486 0.1852620 0.1852376 0.1799221 0.0000000 0.0023102 0.0023072 0.0048169 0.0191515 0.0116399 0.6857229 
hkas_57427|ITS|KP136992.1                   0.1856019 0.1827324 0.1801438 1.1009362 0.1827324 0.0025580 0.0093692 0.0028224 0.6934822 0.5233942 0.0178717 0.0185642 0.0173085 0.0123622 0.0046321 0.0024628 0.0070858 0.0171401 0.0136764 0.0550092 0.0833515 0.7760313 0.0046258 0.0491923 0.1819628 0.1858747 0.1826909 0.1855675 0.1830345 0.1830345 0.1884690 0.1884441 0.1831102 0.0023102 0.0000000 0.0046267 0.0072454 0.0216053 0.0140055 0.6934822 
hkas_53355|ITS|KP136991.1                   0.1795859 0.1767372 0.1741591 1.0930234 0.1767372 0.0051238 0.0093570 0.0028179 0.6857229 0.5233942 0.0178418 0.0185319 0.0172805 0.0123451 0.0046261 0.0024594 0.0070765 0.0171166 0.0136554 0.0549335 0.0832241 0.7691125 0.0046198 0.0521752 0.1757332 0.1798486 0.1766986 0.1795528 0.1770281 0.1770281 0.1824325 0.1824085 0.1770997 0.0023072 0.0046267 0.0000000 0.0072356 0.0215761 0.0139872 0.6857229 
hkas_53413|ITS|KP136990.1                   0.1479400 0.1450938 0.1450938 1.0334334 0.1450938 0.0076933 0.0048164 0.0029656 0.6518056 0.5171672 0.0124909 0.0129989 0.0120789 0.0077127 0.0072445 0.0051495 0.0049099 0.0127256 0.0109035 0.0495518 0.0784972 0.7766721 0.0072341 0.0521570 0.1427959 0.1510465 0.1479400 0.1479121 0.1453358 0.1453358 0.1507853 0.1507655 0.1453900 0.0048169 0.0072454 0.0072356 0.0000000 0.0074067 0.0096874 0.6518056 
hkas_55357|ITS|KP136989.1                   0.1682358 0.1653756 0.1624900 1.0028711 0.1653756 0.0105344 0.0119812 0.0200820 0.6352716 0.4464363 0.0148747 0.0154514 0.0144075 0.0098802 0.0191770 0.0200084 0.0095657 0.0146775 0.0027107 0.0485757 0.0806656 0.6860900 0.0215717 0.0413294 0.1695463 0.1716795 0.1685156 0.1682044 0.1656502 0.1656502 0.1710943 0.1710717 0.1657157 0.0191515 0.0216053 0.0215761 0.0074067 0.0000000 0.0095028 0.6352716 
hkas_53431|ITS|KP136988.1                   0.1736092 0.1707813 0.1682137 1.0937528 0.1707813 0.0129007 0.0093710 0.0085098 0.6884948 0.5315833 0.0029403 0.0030529 0.0028486 0.0000010 0.0140038 0.0099059 0.0023529 0.0048456 0.0027107 0.0401311 0.0695281 0.7809091 0.0139844 0.0492793 0.1663523 0.1738620 0.1707453 0.1735773 0.1710610 0.1710610 0.1764353 0.1764122 0.1711288 0.0116399 0.0140055 0.0139872 0.0096874 0.0095028 0.0000000 0.6884948 
reh8062|ITS|JQ003627.1                      0.6683487 0.6632737 0.6597046 1.0860069 0.6632737 0.6805566 0.6658735 0.5772222 0.0000010 0.2986307 0.5951215 0.6327499 0.5657824 0.5948081 0.6873087 0.5937614 0.6415668 0.6117134 0.6003589 0.7204409 0.6463630 0.7377623 0.6806484 0.6841923 0.5901126 0.6724145 0.6547285 0.6682017 0.6597046 0.6597046 0.6682017 0.6632221 0.6608190 0.6857229 0.6934822 0.6857229 0.6518056 0.6352716 0.6884948 0.0000000 
