93
Hemileccinum_001 0.0000000 0.0000010 0.0019337 0.0000010 0.0000010 0.1008190 0.0038877 0.2802182 0.0000010 0.1231069 0.0983729 0.1190452 0.1185447 0.1185447 0.1203704 0.2048413 0.1967758 0.0790732 0.1967758 0.1967053 0.1035040 0.1623775 0.1633099 0.1352494 0.2335144 0.1083542 0.1086749 0.1086749 0.1158628 0.1281297 0.1035040 0.1288532 0.1392832 0.0000010 0.1145782 0.1137827 0.2802182 0.2768355 0.1120461 0.1743164 0.1203704 0.1120461 0.0000010 0.1743164 0.1145782 0.2768355 0.2386150 0.2422284 0.2386150 0.1083542 0.1165881 0.1191454 0.1191454 0.1920584 0.1920584 0.1829902 0.1829902 0.2118710 0.1879028 0.1809916 0.1053360 0.1231069 0.0000010 0.0000010 0.1208208 0.1204969 0.1207925 0.1203033 0.1203033 0.1211065 0.1230662 0.0000010 0.1333584 0.1232317 0.1746202 0.1711548 0.1778049 0.0019337 0.0000010 0.0000010 0.1167669 0.1174885 0.1192217 0.1215008 0.1179508 0.1174885 0.1192217 0.0038765 0.0000010 0.0000010 0.0000010 0.1993982 0.2398742 
Hemileccinum_002 0.0000010 0.0000000 0.0022415 0.0000010 0.0000010 0.0690324 0.0022492 0.2160991 0.0000010 0.0837665 0.0691887 0.0721519 0.0691887 0.0691887 0.0837665 0.1972937 0.1972937 0.0691887 0.1972937 0.1972937 0.0718428 0.1451212 0.1459873 0.1352494 0.2084465 0.0746958 0.0749319 0.0749319 0.0665007 0.0728582 0.0718428 0.0970362 0.1542485 0.0000010 0.0804562 0.0776181 0.2160991 0.2125540 0.0777539 0.1282899 0.0837665 0.0777539 0.0000010 0.1282899 0.0804562 0.2125540 0.1755333 0.1784195 0.1755333 0.0746958 0.0746958 0.0695627 0.0695627 0.1423802 0.1423802 0.1322419 0.1322419 0.1552457 0.1368833 0.1299054 0.1047026 0.0837665 0.0000010 0.0000010 0.0914225 0.0911501 0.0911501 0.0884807 0.0884807 0.0886786 0.0914132 0.0000010 0.0915465 0.0915465 0.1115421 0.1115421 0.1137143 0.0022415 0.0000010 0.0000010 0.1188859 0.1188859 0.1188859 0.1230737 0.1193732 0.1188859 0.1188859 0.0044964 0.0000010 0.0000010 0.0000010 0.1642210 0.2180113 
Hemileccinum_003 0.0019337 0.0022415 0.0000000 0.0019368 0.0019337 0.1033165 0.0058452 0.2841542 0.0022375 0.1257473 0.1009182 0.1216937 0.1211800 0.1211800 0.1229957 0.2048413 0.1967758 0.0816917 0.1967758 0.1967053 0.1060179 0.1656086 0.1665612 0.1352494 0.2373760 0.1108862 0.1112158 0.1112158 0.1184837 0.1311193 0.1060179 0.1315852 0.1431266 0.0019412 0.1171645 0.1163478 0.2841542 0.2807591 0.1146215 0.1778943 0.1229957 0.1146215 0.0021221 0.1778943 0.1171645 0.2807591 0.2419887 0.2456617 0.2419887 0.1108862 0.1191714 0.1217954 0.1217954 0.1951382 0.1951382 0.1860243 0.1860243 0.2154598 0.1909867 0.1840302 0.1082922 0.1257473 0.0020642 0.0022962 0.1235142 0.1231826 0.1234856 0.1229852 0.1229852 0.1238083 0.1257636 0.0020084 0.1361500 0.1259335 0.1779103 0.1744232 0.1811624 0.0038765 0.0019426 0.0019368 0.1207734 0.1214064 0.1232019 0.1254508 0.1218853 0.1214064 0.1232019 0.0058282 0.0000010 0.0019481 0.0019381 0.2026692 0.2434335 
Hemileccinum_004 0.0000010 0.0000010 0.0019368 0.0000000 0.0000010 0.1010139 0.0038939 0.2810148 0.0000010 0.1233561 0.0985669 0.1192873 0.1187847 0.1187847 0.1206130 0.2054254 0.1973219 0.0792351 0.1973219 0.1972778 0.1037052 0.1594407 0.1603561 0.1358710 0.2341777 0.1085659 0.1088879 0.1088879 0.1160963 0.1281297 0.1037052 0.1291225 0.1392832 0.0000010 0.1148062 0.1140073 0.2810148 0.2776211 0.1122684 0.1747851 0.1206130 0.1122684 0.0000010 0.1747851 0.1148062 0.2776211 0.2392058 0.2428379 0.2392058 0.1085659 0.1168196 0.1193879 0.1193879 0.1925000 0.1925000 0.1834061 0.1834061 0.2118710 0.1883361 0.1814038 0.1055765 0.1233561 0.0000010 0.0000010 0.1210705 0.1207453 0.1210422 0.1205510 0.1205510 0.1213576 0.1233207 0.0000010 0.1336427 0.1234870 0.1750519 0.1715757 0.1782530 0.0019368 0.0000010 0.0000010 0.1167669 0.1174885 0.1192217 0.1215008 0.1179508 0.1174885 0.1192217 0.0038826 0.0000010 0.0000010 0.0000010 0.1998839 0.2367552 
Hemileccinum_005 0.0000010 0.0000010 0.0019337 0.0000010 0.0000000 0.1008190 0.0038877 0.2802182 0.0000010 0.1231069 0.0983729 0.1190452 0.1185447 0.1185447 0.1203704 0.2048413 0.1967758 0.0790732 0.1967758 0.1967053 0.1035040 0.1623775 0.1633099 0.1352494 0.2335144 0.1083542 0.1086749 0.1086749 0.1158628 0.1281297 0.1035040 0.1288532 0.1392832 0.0000010 0.1145782 0.1137827 0.2802182 0.2768355 0.1120461 0.1743164 0.1203704 0.1120461 0.0000010 0.1743164 0.1145782 0.2768355 0.2386150 0.2422284 0.2386150 0.1083542 0.1165881 0.1191454 0.1191454 0.1920584 0.1920584 0.1829902 0.1829902 0.2118710 0.1879028 0.1809916 0.1053360 0.1231069 0.0000010 0.0000010 0.1208208 0.1204969 0.1207925 0.1203033 0.1203033 0.1211065 0.1230662 0.0000010 0.1333584 0.1232317 0.1746202 0.1711548 0.1778049 0.0019337 0.0000010 0.0000010 0.1167669 0.1174885 0.1192217 0.1215008 0.1179508 0.1174885 0.1192217 0.0038765 0.0000010 0.0000010 0.0000010 0.1993982 0.2398742 
Hemileccinum_006 0.1008190 0.0690324 0.1033165 0.1010139 0.1008190 0.0000000 0.1062286 0.2860263 0.0688884 0.0798677 0.0928352 0.1103708 0.1073499 0.1073499 0.0822614 0.2499574 0.2491517 0.0956186 0.2491517 0.2316326 0.0019183 0.1684605 0.1694312 0.1144107 0.2381068 0.0815913 0.0818152 0.0818152 0.1100126 0.1126612 0.0019183 0.0887481 0.2161002 0.1012605 0.0799218 0.0771931 0.2860263 0.2826022 0.0775986 0.1679467 0.0822614 0.0775986 0.0783897 0.1679467 0.0799218 0.2826023 0.2171742 0.2209649 0.2171742 0.0815913 0.0890966 0.1078855 0.1078855 0.1706823 0.1706823 0.1669143 0.1669143 0.1853630 0.1685369 0.1620527 0.0855413 0.0798677 0.0810186 0.0600787 0.0864911 0.0862719 0.0839700 0.0812028 0.0812028 0.0817074 0.0836521 0.0864284 0.0949836 0.0837544 0.1699960 0.1733660 0.1730684 0.0983696 0.1013362 0.1010139 0.0957002 0.0957410 0.0970986 0.0994809 0.0961034 0.0957410 0.0970986 0.1008565 0.1011576 0.1016803 0.1010770 0.1708651 0.1874814 
Hemileccinum_007 0.0038877 0.0022492 0.0058452 0.0038939 0.0038877 0.1062286 0.0000000 0.2858064 0.0022452 0.1289181 0.1038774 0.1248581 0.1243264 0.1243264 0.1261372 0.2098929 0.2054038 0.0820156 0.2054038 0.2018011 0.1089597 0.1664237 0.1673861 0.1425844 0.2387568 0.1138681 0.1142098 0.1142098 0.1216020 0.1347383 0.1089597 0.1348915 0.1439665 0.0039029 0.1202359 0.1193905 0.2858064 0.2823892 0.1176699 0.1824869 0.1261372 0.1176699 0.0021288 0.1824869 0.1202359 0.2823892 0.2466270 0.2503999 0.2466270 0.1138681 0.1222471 0.1249619 0.1249619 0.1991632 0.1991632 0.1899483 0.1899483 0.2202631 0.1949983 0.1879511 0.1087791 0.1289181 0.0020706 0.0023041 0.1267403 0.1263979 0.1267112 0.1261953 0.1261953 0.1270458 0.1290040 0.0020144 0.1395488 0.1291798 0.1821294 0.1785973 0.1854851 0.0058452 0.0039055 0.0038939 0.1215120 0.1221323 0.1239504 0.1262072 0.1226173 0.1221323 0.1239504 0.0078117 0.0043922 0.0039167 0.0038966 0.2069826 0.2483367 
Hemileccinum_008 0.2802182 0.2160991 0.2841542 0.2810148 0.2802182 0.2860263 0.2858064 0.0000000 0.2160991 0.2963036 0.2908718 0.3383440 0.3318674 0.3318674 0.2918773 0.2752859 0.2877219 0.2768010 0.2877219 0.2475486 0.2868577 0.3562064 0.3538152 0.2383975 0.1016159 0.3093939 0.3064304 0.3064304 0.3272241 0.3406936 0.2868577 0.3128903 0.3851104 0.2780241 0.2930355 0.3060008 0.0000010 0.0000010 0.2970539 0.2276517 0.2918773 0.2970539 0.2296673 0.2276517 0.2930355 0.0000029 0.3989505 0.4052188 0.3989505 0.3093939 0.3244623 0.3298202 0.3298202 0.3422527 0.3422527 0.3030536 0.3030536 0.3137655 0.3108795 0.3010414 0.2763539 0.2963036 0.2373944 0.2149743 0.3312705 0.3301009 0.3264399 0.3196989 0.3196989 0.3184712 0.3249968 0.2482012 0.3505737 0.3242485 0.2640591 0.2684396 0.2645516 0.2841542 0.2820969 0.2810148 0.1571221 0.1785692 0.1816934 0.1837285 0.1794002 0.1785692 0.1816934 0.2803475 0.2804824 0.2796240 0.2811546 0.4181621 0.3089057 
Hemileccinum_009 0.0000010 0.0000010 0.0022375 0.0000010 0.0000010 0.0688884 0.0022452 0.2160991 0.0000000 0.0835854 0.0690440 0.0719995 0.0690440 0.0690440 0.0835854 0.1972937 0.1972937 0.0690440 0.1972937 0.1972937 0.0716920 0.1447596 0.1456214 0.1352494 0.2084465 0.0745380 0.0747730 0.0747730 0.0663623 0.0726852 0.0716920 0.0968176 0.1537485 0.0000010 0.0802837 0.0802147 0.2160991 0.2125540 0.0775881 0.1282899 0.0835854 0.0775881 0.0000010 0.1282899 0.0802837 0.2125540 0.1786812 0.1816222 0.1786812 0.0745380 0.0745380 0.0694165 0.0694165 0.1420319 0.1420319 0.1319244 0.1319244 0.1548044 0.1365493 0.1295929 0.1044537 0.0835854 0.0000010 0.0000010 0.0912180 0.0909468 0.0909468 0.0882837 0.0882837 0.0884807 0.0912086 0.0000010 0.0913412 0.0913412 0.1115421 0.1115421 0.1137143 0.0022375 0.0000010 0.0000010 0.1185152 0.1185152 0.1185152 0.1226874 0.1189995 0.1185152 0.1185152 0.0044872 0.0000010 0.0000010 0.0000010 0.1674343 0.2173805 
Hemileccinum_010 0.1231069 0.0837665 0.1257473 0.1233561 0.1231069 0.0798677 0.1289181 0.2963036 0.0835854 0.0000000 0.1059202 0.1210773 0.1121326 0.1121326 0.0019164 0.2352888 0.2347311 0.1125710 0.2347311 0.2214648 0.0800368 0.1688008 0.1697741 0.1146393 0.2364838 0.0794180 0.0796354 0.0796354 0.1148130 0.1122417 0.0800368 0.0907791 0.2378733 0.1236625 0.0611433 0.0796694 0.2963036 0.2928320 0.0634052 0.1629920 0.0019164 0.0634052 0.0985212 0.1629920 0.0611433 0.2971694 0.1860081 0.1890781 0.1860081 0.0794180 0.0868912 0.1126922 0.1126922 0.1445352 0.1445352 0.1466133 0.1466133 0.1620285 0.1480652 0.1446189 0.1086389 0.0000010 0.1007085 0.0775518 0.0885283 0.0883048 0.0860080 0.0832358 0.0832358 0.0837515 0.0856840 0.1059471 0.0943382 0.0857886 0.1606027 0.1638526 0.1634318 0.1205245 0.1237572 0.1233561 0.1229492 0.1297179 0.1315974 0.1337273 0.1302193 0.1297179 0.1315974 0.1231538 0.1030961 0.1241948 0.1234312 0.1757777 0.2039206 
Hemileccinum_011 0.0983729 0.0691887 0.1009182 0.0985669 0.0983729 0.0928352 0.1038774 0.2908718 0.0690440 0.1059202 0.0000000 0.0039262 0.0000010 0.0000010 0.1085534 0.2588183 0.2530664 0.0000010 0.2530664 0.2335295 0.0930409 0.1699580 0.1709279 0.1568866 0.2897616 0.1070211 0.1073402 0.1073402 0.0019497 0.0000010 0.0930409 0.1334288 0.2458731 0.0983729 0.0920603 0.1046185 0.2908718 0.2873895 0.0896223 0.1514196 0.1085534 0.0896223 0.0843507 0.1514196 0.0920603 0.2873895 0.2030310 0.2065548 0.2030310 0.1070211 0.1095878 0.0000010 0.0000010 0.1549343 0.1549343 0.1635594 0.1635594 0.1817143 0.1681089 0.1615539 0.1454504 0.1059202 0.0868626 0.0625785 0.1367263 0.1363502 0.1337661 0.1309820 0.1309820 0.1312607 0.1338598 0.0951634 0.1447352 0.1340461 0.1735197 0.1769693 0.1767177 0.1009182 0.0988888 0.0985669 0.1563998 0.1542523 0.1565908 0.1585883 0.1548755 0.1542523 0.1565908 0.1034756 0.0613896 0.0987875 0.0986302 0.2176649 0.2410101 
Hemileccinum_012 0.1190452 0.0721519 0.1216937 0.1192873 0.1190452 0.1103708 0.1248581 0.3383440 0.0719995 0.1210773 0.0039262 0.0000000 0.0058039 0.0058039 0.1237883 0.2659300 0.2589928 0.0021087 0.2589928 0.2402246 0.1106182 0.1740486 0.1750490 0.1568866 0.2971495 0.1190915 0.1194528 0.1194528 0.0077614 0.0064315 0.1106182 0.1437378 0.2523827 0.1135390 0.1038799 0.1166650 0.3383440 0.3346633 0.1014034 0.1820503 0.1237883 0.1014034 0.0873471 0.1820503 0.1038799 0.3346636 0.2254847 0.2294732 0.2254847 0.1190915 0.1217051 0.0058285 0.0058285 0.1752619 0.1752619 0.1803643 0.1803643 0.2012217 0.1851733 0.1783866 0.1493626 0.1210773 0.0900562 0.0655329 0.1471152 0.1467098 0.1441041 0.1473058 0.1473058 0.1415856 0.1502769 0.0984020 0.1617339 0.1504904 0.1841386 0.1876143 0.1875163 0.1216937 0.1196790 0.1192873 0.1618285 0.1594617 0.1619020 0.1638689 0.1601120 0.1594617 0.1619020 0.1243547 0.0613896 0.1140246 0.1193613 0.2367814 0.2621703 
Hemileccinum_013 0.1185447 0.0691887 0.1211800 0.1187847 0.1185447 0.1073499 0.1243264 0.3318674 0.0690440 0.1121326 0.0000010 0.0058039 0.0000000 0.0000010 0.1147691 0.2588183 0.2521614 0.0000010 0.2521614 0.2335295 0.1075891 0.1699580 0.1709279 0.1568866 0.2897616 0.1160301 0.1163788 0.1163788 0.0019130 0.0000010 0.1075891 0.1367126 0.2458731 0.1130670 0.0954915 0.1136221 0.3318674 0.3282246 0.0930731 0.1727427 0.1147691 0.0930731 0.0843507 0.1727427 0.0954915 0.3282249 0.2164493 0.2202116 0.2164493 0.1160301 0.1186184 0.0000010 0.0000010 0.1675403 0.1675403 0.1725664 0.1725664 0.1919076 0.1772007 0.1705984 0.1454504 0.1121326 0.0868626 0.0625785 0.1399921 0.1396119 0.1370547 0.1401652 0.1401652 0.1345777 0.1430636 0.0951634 0.1541393 0.1432629 0.1798837 0.1833157 0.1831574 0.1211800 0.1191731 0.1187847 0.1563998 0.1542523 0.1565908 0.1585883 0.1548755 0.1542523 0.1565908 0.1238277 0.0613896 0.1135484 0.1188581 0.2320369 0.2514503 
Hemileccinum_014 0.1185447 0.0691887 0.1211800 0.1187847 0.1185447 0.1073499 0.1243264 0.3318674 0.0690440 0.1121326 0.0000010 0.0058039 0.0000010 0.0000000 0.1147691 0.2588183 0.2521614 0.0000010 0.2521614 0.2335295 0.1075891 0.1699580 0.1709279 0.1568866 0.2897616 0.1160301 0.1163788 0.1163788 0.0019130 0.0000010 0.1075891 0.1367126 0.2458731 0.1130670 0.0954915 0.1136221 0.3318674 0.3282246 0.0930731 0.1727427 0.1147691 0.0930731 0.0843507 0.1727427 0.0954915 0.3282249 0.2164493 0.2202116 0.2164493 0.1160301 0.1186184 0.0000010 0.0000010 0.1675403 0.1675403 0.1725664 0.1725664 0.1919076 0.1772007 0.1705984 0.1454504 0.1121326 0.0868626 0.0625785 0.1399921 0.1396119 0.1370547 0.1401652 0.1401652 0.1345777 0.1430636 0.0951634 0.1541393 0.1432629 0.1798837 0.1833157 0.1831574 0.1211800 0.1191731 0.1187847 0.1563998 0.1542523 0.1565908 0.1585883 0.1548755 0.1542523 0.1565908 0.1238277 0.0613896 0.1135484 0.1188581 0.2320369 0.2514503 
Hemileccinum_015 0.1203704 0.0837665 0.1229957 0.1206130 0.1203704 0.0822614 0.1261372 0.2918773 0.0835854 0.0019164 0.1085534 0.1237883 0.1147691 0.1147691 0.0000000 0.2352888 0.2304506 0.1125710 0.2304506 0.2214648 0.0824359 0.1688008 0.1697741 0.1146393 0.2364838 0.0817951 0.0820201 0.0820201 0.1174665 0.1151830 0.0824359 0.0932667 0.2378733 0.1209123 0.0634289 0.0820556 0.2918773 0.2884225 0.0657025 0.1665421 0.0000010 0.0657025 0.0985212 0.1665421 0.0634289 0.2927257 0.1828740 0.1858820 0.1828740 0.0817951 0.0893186 0.1153434 0.1153434 0.1416728 0.1416728 0.1437021 0.1437021 0.1586446 0.1451200 0.1417061 0.1086389 0.0019164 0.1007085 0.0775518 0.0910082 0.0907779 0.0884720 0.0856757 0.0856757 0.0862080 0.0881385 0.1059471 0.0968756 0.0882466 0.1638526 0.1671251 0.1667481 0.1178020 0.1210047 0.1206130 0.1229492 0.1297179 0.1315974 0.1337273 0.1302193 0.1297179 0.1315974 0.1204162 0.1030961 0.1214309 0.1206868 0.1789783 0.2039206 
Hemileccinum_016 0.2048413 0.1972937 0.2048413 0.2054254 0.2048413 0.2499574 0.2098929 0.2752859 0.1972937 0.2352888 0.2588183 0.2659300 0.2588183 0.2588183 0.2352888 0.0000000 0.0022912 0.2294800 0.0022912 0.0000010 0.2507446 0.2346171 0.2363585 0.1318322 0.2502612 0.2342494 0.2311380 0.2311380 0.2594462 0.2829444 0.2507446 0.2213297 0.3597787 0.2048413 0.2273235 0.2227228 0.2752859 0.2699075 0.2312788 0.2399149 0.2352888 0.2312788 0.2066185 0.2399149 0.2273235 0.2761835 0.3258363 0.3282646 0.3258363 0.2342494 0.2482986 0.2606889 0.2606889 0.2506568 0.2506568 0.2414455 0.2414455 0.2694822 0.2487029 0.2391044 0.2242147 0.2352888 0.1978879 0.1796604 0.2298458 0.2290300 0.2249068 0.2220736 0.2220736 0.2227243 0.2267271 0.2027075 0.2370698 0.2261949 0.2938154 0.2938154 0.3007606 0.2011259 0.2055591 0.2054254 0.1586284 0.1631597 0.1660520 0.1682819 0.1631597 0.1631597 0.1660520 0.2086784 0.1374849 0.2010459 0.2055592 0.2994792 0.2754459 
Hemileccinum_017 0.1967758 0.1972937 0.1967758 0.1973219 0.1967758 0.2491517 0.2054038 0.2877219 0.1972937 0.2347311 0.2530664 0.2589928 0.2521614 0.2521614 0.2304506 0.0022912 0.0000000 0.2244673 0.0000010 0.0000010 0.2499236 0.2306793 0.2323912 0.1318322 0.2510707 0.2337179 0.2306543 0.2306543 0.2527586 0.2744867 0.2499236 0.2209979 0.3614332 0.1967758 0.2269002 0.2223730 0.2877219 0.2822247 0.2307929 0.2384804 0.2304506 0.2307929 0.2072524 0.2384804 0.2269002 0.2886698 0.3196141 0.3218853 0.3196141 0.2337179 0.2475355 0.2539373 0.2539373 0.2461196 0.2461196 0.2413864 0.2413864 0.2689887 0.2485473 0.2390756 0.2242147 0.2347311 0.1984675 0.1796604 0.2293780 0.2285761 0.2245197 0.2217296 0.2217296 0.2223690 0.2263082 0.2032882 0.2427996 0.2257852 0.2921755 0.2871730 0.2989606 0.1931676 0.1974501 0.1973219 0.1586284 0.1631597 0.1660520 0.1682819 0.1631597 0.1631597 0.1660520 0.2004989 0.1374849 0.1930971 0.1974505 0.2977267 0.2713625 
Hemileccinum_018 0.0790732 0.0691887 0.0816917 0.0792351 0.0790732 0.0956186 0.0820156 0.2768010 0.0690440 0.1125710 0.0000010 0.0021087 0.0000010 0.0000010 0.1125710 0.2294800 0.2244673 0.0000000 0.2244673 0.2244673 0.0958480 0.1699580 0.1709279 0.1568866 0.2778180 0.1110482 0.1114085 0.1114085 0.0021035 0.0000010 0.0958480 0.1398094 0.2351029 0.0790732 0.0973637 0.1084406 0.2768010 0.2730901 0.0947092 0.1453525 0.1125710 0.0947092 0.0790732 0.1453525 0.0973637 0.2730904 0.1851134 0.1885330 0.1851134 0.1110482 0.1107561 0.0000010 0.0000010 0.1469599 0.1469599 0.1503949 0.1503949 0.1678711 0.1550740 0.1482165 0.1454504 0.1125710 0.0790732 0.0625785 0.1402867 0.1398695 0.1398695 0.1371478 0.1371478 0.1374672 0.1403037 0.0790732 0.1405169 0.1405169 0.1690944 0.1690944 0.1724663 0.0816917 0.0795103 0.0792351 0.1563998 0.1542523 0.1565908 0.1585883 0.1548755 0.1542523 0.1565908 0.0843237 0.0613896 0.0792592 0.0792911 0.2339144 0.2577653 
Hemileccinum_019 0.1967758 0.1972937 0.1967758 0.1973219 0.1967758 0.2491517 0.2054038 0.2877219 0.1972937 0.2347311 0.2530664 0.2589928 0.2521614 0.2521614 0.2304506 0.0022912 0.0000010 0.2244673 0.0000000 0.0000010 0.2499236 0.2306793 0.2323912 0.1318322 0.2510707 0.2337179 0.2306543 0.2306543 0.2527586 0.2744867 0.2499236 0.2209979 0.3614332 0.1967758 0.2269002 0.2223730 0.2877219 0.2822247 0.2307929 0.2384804 0.2304506 0.2307929 0.2072524 0.2384804 0.2269002 0.2886698 0.3196141 0.3218853 0.3196141 0.2337179 0.2475355 0.2539373 0.2539373 0.2461196 0.2461196 0.2413864 0.2413864 0.2689887 0.2485473 0.2390756 0.2242147 0.2347311 0.1984675 0.1796604 0.2293780 0.2285761 0.2245197 0.2217296 0.2217296 0.2223690 0.2263082 0.2032882 0.2427996 0.2257852 0.2921755 0.2871730 0.2989606 0.1931676 0.1974501 0.1973219 0.1586284 0.1631597 0.1660520 0.1682819 0.1631597 0.1631597 0.1660520 0.2004989 0.1374849 0.1930971 0.1974505 0.2977267 0.2713625 
Hemileccinum_020 0.1967053 0.1972937 0.1967053 0.1972778 0.1967053 0.2316326 0.2018011 0.2475486 0.1972937 0.2214648 0.2335295 0.2402246 0.2335295 0.2335295 0.2214648 0.0000010 0.0000010 0.2244673 0.0000010 0.0000000 0.2323708 0.2306793 0.2323912 0.1318322 0.2413414 0.2170247 0.2138618 0.2138618 0.2340958 0.2532639 0.2323708 0.2075724 0.3614332 0.1967053 0.2136884 0.2055041 0.2475486 0.2423365 0.2176519 0.2248893 0.2214648 0.2176519 0.2072524 0.2248893 0.2136884 0.2483516 0.2949005 0.2967680 0.2949005 0.2170247 0.2309098 0.2352101 0.2352101 0.2328654 0.2328654 0.2161824 0.2161824 0.2398647 0.2230776 0.2137322 0.2242147 0.2214648 0.1984675 0.1796604 0.2165915 0.2158088 0.2158088 0.2082779 0.2082779 0.2088915 0.2128995 0.1967053 0.2231328 0.2123924 0.2682768 0.2682768 0.2746488 0.1929216 0.1974128 0.1972778 0.1586284 0.1631597 0.1660520 0.1682819 0.1631597 0.1631597 0.1660520 0.2006105 0.1374849 0.1973119 0.1974127 0.2851060 0.2610585 
Hemileccinum_021 0.1035040 0.0718428 0.1060179 0.1037052 0.1035040 0.0019183 0.1089597 0.2868577 0.0716920 0.0800368 0.0930409 0.1106182 0.1075891 0.1075891 0.0824359 0.2507446 0.2499236 0.0958480 0.2499236 0.2323708 0.0000000 0.1689072 0.1698829 0.1149670 0.2388128 0.0817630 0.0819879 0.0819879 0.1102584 0.1126612 0.0000010 0.0913617 0.2203887 0.1039588 0.0800912 0.0773556 0.2868577 0.2834235 0.0777629 0.1718419 0.0824359 0.0777629 0.0811398 0.1718419 0.0800912 0.2834236 0.2177137 0.2215230 0.2177137 0.0817630 0.0892860 0.1081270 0.1081270 0.1710876 0.1710876 0.1673073 0.1673073 0.1853630 0.1689374 0.1624349 0.0884934 0.0800368 0.0837092 0.0602271 0.0890941 0.0888675 0.0865535 0.0837578 0.0837578 0.0842804 0.0862252 0.0890943 0.0976774 0.0863313 0.1672039 0.1705636 0.1702264 0.1010393 0.1040368 0.1037052 0.0994429 0.0993578 0.1007694 0.1031247 0.0997346 0.0993578 0.1007694 0.1035426 0.1016593 0.1043916 0.1037697 0.1682631 0.1910540 
Hemileccinum_022 0.1623775 0.1451212 0.1656086 0.1594407 0.1623775 0.1684605 0.1664237 0.3562064 0.1447596 0.1688008 0.1699580 0.1740486 0.1699580 0.1699580 0.1688008 0.2346171 0.2306793 0.1699580 0.2306793 0.2306793 0.1689072 0.0000000 0.0000010 0.1620536 0.2994645 0.1516869 0.1552087 0.1552087 0.1733889 0.1650247 0.1689072 0.1533289 0.3497262 0.1623775 0.1436949 0.1422843 0.3562064 0.3520327 0.1406913 0.1748825 0.1688008 0.1406913 0.1623775 0.1748825 0.1436949 0.3499651 0.1019718 0.1007203 0.1019718 0.1516869 0.1554097 0.1699580 0.1699580 0.0787917 0.0787917 0.1366488 0.1366488 0.1472451 0.1412225 0.1374200 0.1500831 0.1688008 0.1623775 0.1348699 0.1538705 0.1533969 0.1533969 0.1472969 0.1472969 0.1476520 0.1538977 0.1623775 0.1505323 0.1505323 0.2085684 0.2085684 0.2085684 0.1592334 0.1601464 0.1594407 0.1528683 0.1508433 0.1531362 0.1551706 0.1472756 0.1508433 0.1531362 0.1592334 0.1455469 0.1628064 0.1596533 0.2586547 0.2734324 
Hemileccinum_023 0.1633099 0.1459873 0.1665612 0.1603561 0.1633099 0.1694312 0.1673861 0.3538152 0.1456214 0.1697741 0.1709279 0.1750490 0.1709279 0.1709279 0.1697741 0.2363585 0.2323912 0.1709279 0.2323912 0.2323912 0.1698829 0.0000010 0.0000000 0.1639664 0.2969005 0.1525309 0.1560765 0.1560765 0.1743813 0.1650247 0.1698829 0.1542099 0.3497262 0.1633099 0.1444975 0.1430707 0.3538152 0.3496293 0.1414760 0.1721088 0.1697741 0.1414760 0.1633099 0.1721088 0.1444975 0.3475686 0.1025247 0.1012738 0.1025247 0.1525309 0.1562796 0.1709279 0.1709279 0.0792069 0.0792069 0.1374195 0.1374195 0.1472451 0.1420287 0.1381992 0.1500831 0.1697741 0.1633099 0.1356841 0.1547575 0.1542786 0.1542786 0.1481418 0.1481418 0.1485010 0.1547855 0.1633099 0.1513980 0.1513980 0.2099721 0.2099721 0.2099721 0.1601464 0.1610696 0.1603561 0.1528683 0.1508433 0.1531362 0.1551706 0.1472756 0.1508433 0.1531362 0.1601464 0.1472661 0.1637435 0.1605710 0.2603662 0.2752655 
Hemileccinum_024 0.1352494 0.1352494 0.1352494 0.1358710 0.1352494 0.1144107 0.1425844 0.2383975 0.1352494 0.1146393 0.1568866 0.1568866 0.1568866 0.1568866 0.1146393 0.1318322 0.1318322 0.1568866 0.1318322 0.1318322 0.1149670 0.1620536 0.1639664 0.0000000 0.2007638 0.1143745 0.1152271 0.1152271 0.1568866 0.1596726 0.1149670 0.0964375 0.4109838 0.1352494 0.1150859 0.1093080 0.2383975 0.2383975 0.1150859 0.0844347 0.1146393 0.1150859 0.1352494 0.0844347 0.1150859 0.2383975 0.1664657 0.1664657 0.1664657 0.1143745 0.1143745 0.1586833 0.1586833 0.1329115 0.1329115 0.1251646 0.1251646 0.1277908 0.1335380 0.1208545 0.0986615 0.1146393 0.1352494 0.1352494 0.0914474 0.0909450 0.0909450 0.0909450 0.0909450 0.0913211 0.0909450 0.1352494 0.0909450 0.0909450 0.1057998 0.1057998 0.1095854 0.1293960 0.1360516 0.1358710 0.0932570 0.0932570 0.0932570 0.1020874 0.0932570 0.0932570 0.0932570 0.1352494 0.1702455 0.1352494 0.1360516 0.2605996 0.2506457 
Hemileccinum_025 0.2335144 0.2084465 0.2373760 0.2341777 0.2335144 0.2381068 0.2387568 0.1016159 0.2084465 0.2364838 0.2897616 0.2971495 0.2897616 0.2897616 0.2364838 0.2502612 0.2510707 0.2778180 0.2510707 0.2413414 0.2388128 0.2994645 0.2969005 0.2007638 0.0000000 0.2631948 0.2601577 0.2601577 0.2852636 0.2981115 0.2388128 0.2564598 0.3434963 0.2335144 0.2366301 0.2519701 0.1016159 0.1018449 0.2405004 0.1762887 0.2364838 0.2405004 0.2225861 0.1762887 0.2366301 0.0985115 0.3545460 0.3614387 0.3545460 0.2631948 0.2775659 0.2875454 0.2875454 0.2723089 0.2723089 0.2578660 0.2578660 0.2672168 0.2650850 0.2556759 0.2553341 0.2364838 0.2309958 0.2072131 0.2647433 0.2638032 0.2595013 0.2567289 0.2567289 0.2574972 0.2655281 0.2349824 0.2675587 0.2610302 0.2150852 0.2150852 0.2148869 0.2297855 0.2351202 0.2341777 0.1404425 0.1558965 0.1586074 0.1608737 0.1566178 0.1558965 0.1586074 0.2336265 0.2851284 0.2348695 0.2343150 0.3620638 0.2686795 
Hemileccinum_026 0.1083542 0.0746958 0.1108862 0.1085659 0.1083542 0.0815913 0.1138681 0.3093939 0.0745380 0.0794180 0.1070211 0.1190915 0.1160301 0.1160301 0.0817951 0.2342494 0.2337179 0.1110482 0.2337179 0.2170247 0.0817630 0.1516869 0.1525309 0.1143745 0.2631948 0.0000000 0.0057912 0.0057912 0.1162232 0.1222290 0.0817630 0.0952512 0.2316708 0.1063387 0.0512266 0.0297233 0.3093939 0.3059084 0.0490787 0.1811456 0.0817951 0.0490787 0.0839238 0.1811456 0.0512266 0.3059085 0.1913162 0.1912587 0.1913162 0.0000010 0.0057992 0.1166051 0.1166051 0.1747630 0.1747630 0.1538386 0.1538386 0.1766167 0.1581324 0.1518664 0.0961553 0.0794180 0.0864329 0.0682614 0.0880213 0.0878004 0.0879992 0.0900413 0.0900413 0.0882037 0.0925156 0.0917570 0.1013468 0.0926293 0.1848615 0.1882975 0.1882104 0.1058733 0.1089127 0.1085659 0.1106937 0.1177069 0.1193939 0.1216071 0.1181571 0.1177069 0.1193939 0.1083947 0.0888694 0.1067818 0.1086328 0.1536807 0.2017119 
Hemileccinum_027 0.1086749 0.0749319 0.1112158 0.1088879 0.1086749 0.0818152 0.1142098 0.3064304 0.0747730 0.0796354 0.1073402 0.1194528 0.1163788 0.1163788 0.0820201 0.2311380 0.2306543 0.1114085 0.2306543 0.2138618 0.0819879 0.1552087 0.1560765 0.1152271 0.2601577 0.0057912 0.0000000 0.0000010 0.1165731 0.1226425 0.0819879 0.0955246 0.2315574 0.1066535 0.0534962 0.0318302 0.3064304 0.3029432 0.0513348 0.1782122 0.0820201 0.0513348 0.0841818 0.1782122 0.0534962 0.3029433 0.1906363 0.1905702 0.1906363 0.0057912 0.0117077 0.1169574 0.1169574 0.1741585 0.1741585 0.1511881 0.1511881 0.1735465 0.1554451 0.1492106 0.0992048 0.0796354 0.0866923 0.0684792 0.0882705 0.0880483 0.0882483 0.0902962 0.0902962 0.0884541 0.0927790 0.0920286 0.1016446 0.0928934 0.1821440 0.1855731 0.1854473 0.1061853 0.1092368 0.1088879 0.1106295 0.1176414 0.1193267 0.1215396 0.1180911 0.1176414 0.1193267 0.1087156 0.0951139 0.1070994 0.1089551 0.1542015 0.2024669 
Hemileccinum_028 0.1086749 0.0749319 0.1112158 0.1088879 0.1086749 0.0818152 0.1142098 0.3064304 0.0747730 0.0796354 0.1073402 0.1194528 0.1163788 0.1163788 0.0820201 0.2311380 0.2306543 0.1114085 0.2306543 0.2138618 0.0819879 0.1552087 0.1560765 0.1152271 0.2601577 0.0057912 0.0000010 0.0000000 0.1165731 0.1226425 0.0819879 0.0955246 0.2315574 0.1066535 0.0534962 0.0318302 0.3064304 0.3029432 0.0513348 0.1782122 0.0820201 0.0513348 0.0841818 0.1782122 0.0534962 0.3029433 0.1906363 0.1905702 0.1906363 0.0057912 0.0117077 0.1169574 0.1169574 0.1741585 0.1741585 0.1511881 0.1511881 0.1735465 0.1554451 0.1492106 0.0992048 0.0796354 0.0866923 0.0684792 0.0882705 0.0880483 0.0882483 0.0902962 0.0902962 0.0884541 0.0927790 0.0920286 0.1016446 0.0928934 0.1821440 0.1855731 0.1854473 0.1061853 0.1092368 0.1088879 0.1106295 0.1176414 0.1193267 0.1215396 0.1180911 0.1176414 0.1193267 0.1087156 0.0951139 0.1070994 0.1089551 0.1542015 0.2024669 
Hemileccinum_029 0.1158628 0.0665007 0.1184837 0.1160963 0.1158628 0.1100126 0.1216020 0.3272241 0.0663623 0.1148130 0.0019497 0.0077614 0.0019130 0.0019130 0.1174665 0.2594462 0.2527586 0.0021035 0.2527586 0.2340958 0.1102584 0.1733889 0.1743813 0.1568866 0.2852636 0.1162232 0.1165731 0.1165731 0.0000000 0.0021174 0.1102584 0.1369531 0.2409144 0.1104217 0.0956465 0.1138110 0.3272241 0.3235991 0.0932239 0.1691639 0.1174665 0.0932239 0.0816791 0.1691639 0.0956465 0.3235994 0.2198811 0.2237163 0.2198811 0.1162232 0.1188164 0.0019211 0.0019211 0.1706202 0.1706202 0.1695563 0.1695563 0.1883950 0.1741392 0.1675856 0.1457434 0.1148130 0.0842524 0.0598779 0.1402399 0.1398583 0.1372964 0.1404138 0.1404138 0.1348150 0.1433183 0.0925573 0.1544209 0.1435182 0.1764761 0.1798837 0.1796774 0.1184837 0.1164755 0.1160963 0.1568263 0.1546578 0.1570084 0.1590071 0.1552843 0.1546578 0.1570084 0.1211169 0.0613896 0.1108904 0.1161683 0.2325093 0.2519757 
Hemileccinum_031 0.1281297 0.0728582 0.1311193 0.1281297 0.1281297 0.1126612 0.1347383 0.3406936 0.0726852 0.1122417 0.0000010 0.0064315 0.0000010 0.0000010 0.1151830 0.2829444 0.2744867 0.0000010 0.2744867 0.2532639 0.1126612 0.1650247 0.1650247 0.1596726 0.2981115 0.1222290 0.1226425 0.1226425 0.0021174 0.0000000 0.1126612 0.1386060 0.2534932 0.1218942 0.0963612 0.1191337 0.3406936 0.3365440 0.0936688 0.1720268 0.1151830 0.0936688 0.0898928 0.1720268 0.0963612 0.3365443 0.2160083 0.2201580 0.2160083 0.1222290 0.1251438 0.0000010 0.0000010 0.1662473 0.1662473 0.1865983 0.1865983 0.1919076 0.1865983 0.1865983 0.1457010 0.1122417 0.0925593 0.0654036 0.1422641 0.1418350 0.1389915 0.1424616 0.1424616 0.1362391 0.1456938 0.1018204 0.1581243 0.1459197 0.1925775 0.1965434 0.1925775 0.1311193 0.1288919 0.1281297 0.1563998 0.1542523 0.1565908 0.1585883 0.1548755 0.1542523 0.1565908 0.1341244 0.0671051 0.1224781 0.1281297 0.2467609 0.2231364 
Hemileccinum_032 0.1035040 0.0718428 0.1060179 0.1037052 0.1035040 0.0019183 0.1089597 0.2868577 0.0716920 0.0800368 0.0930409 0.1106182 0.1075891 0.1075891 0.0824359 0.2507446 0.2499236 0.0958480 0.2499236 0.2323708 0.0000010 0.1689072 0.1698829 0.1149670 0.2388128 0.0817630 0.0819879 0.0819879 0.1102584 0.1126612 0.0000000 0.0913617 0.2203887 0.1039588 0.0800912 0.0773556 0.2868577 0.2834235 0.0777629 0.1718419 0.0824359 0.0777629 0.0811398 0.1718419 0.0800912 0.2834236 0.2177137 0.2215230 0.2177137 0.0817630 0.0892860 0.1081270 0.1081270 0.1710876 0.1710876 0.1673073 0.1673073 0.1853630 0.1689374 0.1624349 0.0884934 0.0800368 0.0837092 0.0602271 0.0890941 0.0888675 0.0865535 0.0837578 0.0837578 0.0842804 0.0862252 0.0890943 0.0976774 0.0863313 0.1672039 0.1705636 0.1702264 0.1010393 0.1040368 0.1037052 0.0994429 0.0993578 0.1007694 0.1031247 0.0997346 0.0993578 0.1007694 0.1035426 0.1016593 0.1043916 0.1037697 0.1682631 0.1910540 
Hemileccinum_033 0.1288532 0.0970362 0.1315852 0.1291225 0.1288532 0.0887481 0.1348915 0.3128903 0.0968176 0.0907791 0.1334288 0.1437378 0.1367126 0.1367126 0.0932667 0.2213297 0.2209979 0.1398094 0.2209979 0.2075724 0.0913617 0.1533289 0.1542099 0.0964375 0.2564598 0.0952512 0.0955246 0.0955246 0.1369531 0.1386060 0.0913617 0.0000000 0.2653510 0.1288532 0.0856484 0.0931485 0.3128903 0.3092847 0.0832753 0.1408478 0.0932667 0.0832753 0.1062390 0.1408478 0.0856484 0.3092850 0.1905149 0.1904453 0.1905149 0.0952512 0.1031700 0.1374270 0.1374270 0.1384404 0.1384404 0.1378217 0.1378217 0.1507637 0.1391978 0.1357846 0.0133516 0.0907791 0.1082778 0.0876698 0.0097340 0.0097111 0.0077617 0.0038618 0.0038618 0.0038679 0.0077638 0.1107463 0.0138467 0.0058057 0.1611259 0.1644528 0.1640305 0.1261836 0.1295529 0.1291225 0.0504353 0.0486869 0.0493309 0.0519410 0.0488590 0.0486869 0.0493309 0.1289036 0.1157348 0.1294220 0.1292022 0.1220711 0.1267107 
Hemileccinum_034 0.1392832 0.1542485 0.1431266 0.1392832 0.1392832 0.2161002 0.1439665 0.3851104 0.1537485 0.2378733 0.2458731 0.2523827 0.2458731 0.2458731 0.2378733 0.3597787 0.3614332 0.2351029 0.3614332 0.3614332 0.2203887 0.3497262 0.3497262 0.4109838 0.3434963 0.2316708 0.2315574 0.2315574 0.2409144 0.2534932 0.2203887 0.2653510 0.0000000 0.1392832 0.2272622 0.2456630 0.3851104 0.3851104 0.2228950 0.2439286 0.2378733 0.2228950 0.1411648 0.2439286 0.2272622 0.3799317 0.4019620 0.4135998 0.4019620 0.2316708 0.2419228 0.2458731 0.2458731 0.3530690 0.3530690 0.3550671 0.3550671 0.3768600 0.3550671 0.3550671 0.2524855 0.2378733 0.1392832 0.1602514 0.2499687 0.2550160 0.2550160 0.2510673 0.2510673 0.2519576 0.2562715 0.1392832 0.2636932 0.2568635 0.2505016 0.2505016 0.2505016 0.1392832 0.1403357 0.1392832 0.2033308 0.2018910 0.2053751 0.2071341 0.2028174 0.2018910 0.2053751 0.1469954 0.6279204 0.1397316 0.1392832 0.3596722 0.3345195 
Hemileccinum_036 0.0000010 0.0000010 0.0019412 0.0000010 0.0000010 0.1012605 0.0039029 0.2780241 0.0000010 0.1236625 0.0983729 0.1135390 0.1130670 0.1130670 0.1209123 0.2048413 0.1967758 0.0790732 0.1967758 0.1967053 0.1039588 0.1623775 0.1633099 0.1352494 0.2335144 0.1063387 0.1066535 0.1066535 0.1104217 0.1218942 0.1039588 0.1288532 0.1392832 0.0000000 0.1122271 0.1117634 0.2780241 0.2746326 0.1097014 0.1677018 0.1209123 0.1097014 0.0000010 0.1677018 0.1122271 0.2746326 0.2398400 0.2434898 0.2398400 0.1063387 0.1145661 0.1136359 0.1136359 0.1899944 0.1899944 0.1799939 0.1799939 0.2083162 0.1848556 0.1779917 0.1053360 0.1236625 0.0000010 0.0000010 0.1208208 0.1204969 0.1207925 0.1208566 0.1208566 0.1211065 0.1236336 0.0000010 0.1339876 0.1238008 0.1672687 0.1638691 0.1702878 0.0019412 0.0000010 0.0000010 0.1167669 0.1174885 0.1192217 0.1215008 0.1179508 0.1174885 0.1192217 0.0038915 0.0000010 0.0000010 0.0000010 0.2004282 0.2411721 
Hemileccinum_037 0.1145782 0.0804562 0.1171645 0.1148062 0.1145782 0.0799218 0.1202359 0.2930355 0.0802837 0.0611433 0.0920603 0.1038799 0.0954915 0.0954915 0.0634289 0.2273235 0.2269002 0.0973637 0.2269002 0.2136884 0.0800912 0.1436949 0.1444975 0.1150859 0.2366301 0.0512266 0.0534962 0.0534962 0.0956465 0.0963612 0.0800912 0.0856484 0.2272622 0.1122271 0.0000000 0.0534404 0.2930355 0.2896033 0.0019168 0.1614565 0.0634289 0.0019168 0.0869371 0.1614565 0.0000010 0.2938817 0.1806650 0.1836453 0.1806650 0.0512266 0.0580324 0.0934888 0.0934888 0.1489924 0.1489924 0.1430608 0.1430608 0.1608128 0.1471964 0.1410717 0.0882967 0.0611433 0.0893856 0.0711543 0.0834174 0.0832080 0.0809340 0.0807715 0.0807715 0.0786970 0.0832048 0.0947307 0.0917760 0.0833060 0.1589649 0.1622353 0.1585820 0.1120461 0.1151771 0.1148062 0.1148653 0.1142542 0.1158936 0.1181400 0.1146917 0.1142542 0.1158936 0.1146215 0.0894803 0.1127010 0.1122953 0.1649609 0.1893070 
Hemileccinum_038 0.1137827 0.0776181 0.1163478 0.1140073 0.1137827 0.0771931 0.1193905 0.3060008 0.0802147 0.0796694 0.1046185 0.1166650 0.1136221 0.1136221 0.0820556 0.2227228 0.2223730 0.1084406 0.2223730 0.2055041 0.0773556 0.1422843 0.1430707 0.1093080 0.2519701 0.0297233 0.0318302 0.0318302 0.1138110 0.1191337 0.0773556 0.0931485 0.2456630 0.1117634 0.0534404 0.0000000 0.3060008 0.3025183 0.0512816 0.1748189 0.0820556 0.0512816 0.0894849 0.1748189 0.0534404 0.3025184 0.1727228 0.1724300 0.1727228 0.0297233 0.0360624 0.1113322 0.1113322 0.1600072 0.1600072 0.1457807 0.1457807 0.1666372 0.1499584 0.1437948 0.0907033 0.0796694 0.0918700 0.0602625 0.0859202 0.0857040 0.0858983 0.0879472 0.0879472 0.0860978 0.0904193 0.0971385 0.0992177 0.0905305 0.1823500 0.1857840 0.1816937 0.1112710 0.1143730 0.1140073 0.1109094 0.1179308 0.1196243 0.1218400 0.1183827 0.1179308 0.1196243 0.1087690 0.0839195 0.1097079 0.1140771 0.1426094 0.2012477 
Hemileccinum_039 0.2802182 0.2160991 0.2841542 0.2810148 0.2802182 0.2860263 0.2858064 0.0000010 0.2160991 0.2963036 0.2908718 0.3383440 0.3318674 0.3318674 0.2918773 0.2752859 0.2877219 0.2768010 0.2877219 0.2475486 0.2868577 0.3562064 0.3538152 0.2383975 0.1016159 0.3093939 0.3064304 0.3064304 0.3272241 0.3406936 0.2868577 0.3128903 0.3851104 0.2780241 0.2930355 0.3060008 0.0000000 0.0000010 0.2970539 0.2276517 0.2918773 0.2970539 0.2296673 0.2276517 0.2930355 0.0000029 0.3989505 0.4052188 0.3989505 0.3093939 0.3244623 0.3298202 0.3298202 0.3422527 0.3422527 0.3030536 0.3030536 0.3137655 0.3108795 0.3010414 0.2763539 0.2963036 0.2373944 0.2149743 0.3312705 0.3301009 0.3264399 0.3196989 0.3196989 0.3184712 0.3249968 0.2482012 0.3505737 0.3242485 0.2640591 0.2684396 0.2645516 0.2841542 0.2820969 0.2810148 0.1571221 0.1785692 0.1816934 0.1837285 0.1794002 0.1785692 0.1816934 0.2803475 0.2804824 0.2796240 0.2811546 0.4181621 0.3089057 
Hemileccinum_040 0.2768355 0.2125540 0.2807591 0.2776211 0.2768355 0.2826022 0.2823892 0.0000010 0.2125540 0.2928320 0.2873895 0.3346633 0.3282246 0.3282246 0.2884225 0.2699075 0.2822247 0.2730901 0.2822247 0.2423365 0.2834235 0.3520327 0.3496293 0.2383975 0.1018449 0.3059084 0.3029432 0.3029432 0.3235991 0.3365440 0.2834235 0.3092847 0.3851104 0.2746326 0.2896033 0.3025183 0.0000010 0.0000000 0.2936092 0.2283251 0.2884225 0.2936092 0.2261979 0.2283251 0.2896033 0.0000030 0.3950480 0.4012483 0.3950480 0.3059084 0.3209051 0.3261655 0.3261655 0.3386607 0.3386607 0.2996098 0.2996098 0.3098322 0.3073793 0.2975871 0.2724510 0.2928320 0.2339896 0.2113954 0.3275964 0.3264397 0.3227839 0.3160847 0.3160847 0.3148343 0.3213563 0.2448572 0.3467862 0.3206168 0.2648505 0.2692486 0.2653558 0.2807591 0.2786915 0.2776211 0.1527120 0.1741053 0.1771507 0.1792335 0.1749154 0.1741053 0.1771507 0.2769634 0.2804824 0.2762114 0.2777606 0.4140095 0.3051923 
Hemileccinum_041 0.1120461 0.0777539 0.1146215 0.1122684 0.1120461 0.0775986 0.1176699 0.2970539 0.0775881 0.0634052 0.0896223 0.1014034 0.0930731 0.0930731 0.0657025 0.2312788 0.2307929 0.0947092 0.2307929 0.2176519 0.0777629 0.1406913 0.1414760 0.1150859 0.2405004 0.0490787 0.0513348 0.0513348 0.0932239 0.0936688 0.0777629 0.0832753 0.2228950 0.1097014 0.0019168 0.0512816 0.2970539 0.2936092 0.0000000 0.1649154 0.0657025 0.0000010 0.0843261 0.1649154 0.0019168 0.2979151 0.1777996 0.1807269 0.1777996 0.0490787 0.0558465 0.0910684 0.0910684 0.1517386 0.1517386 0.1458181 0.1458181 0.1640114 0.1499962 0.1438322 0.0855620 0.0634052 0.0868374 0.0684446 0.0810498 0.0808467 0.0785794 0.0784213 0.0784213 0.0763479 0.0808426 0.0922183 0.0893421 0.0809405 0.1589649 0.1622353 0.1585820 0.1095240 0.1126310 0.1122684 0.1110227 0.1105436 0.1121267 0.1144017 0.1109661 0.1105436 0.1121267 0.1120885 0.0894803 0.1101636 0.1097672 0.1620429 0.1862433 
Hemileccinum_042 0.1743164 0.1282899 0.1778943 0.1747851 0.1743164 0.1679467 0.1824869 0.2276517 0.1282899 0.1629920 0.1514196 0.1820503 0.1727427 0.1727427 0.1665421 0.2399149 0.2384804 0.1453525 0.2384804 0.2248893 0.1718419 0.1748825 0.1721088 0.0844347 0.1762887 0.1811456 0.1782122 0.1782122 0.1691639 0.1720268 0.1718419 0.1408478 0.2439286 0.1677018 0.1614565 0.1748189 0.2276517 0.2283251 0.1649154 0.0000000 0.1665421 0.1649154 0.1365227 0.0000010 0.1614565 0.2229869 0.2524934 0.2610881 0.2524934 0.1811456 0.1853655 0.1703624 0.1703624 0.2008033 0.2008033 0.1856742 0.1856742 0.1965190 0.1915164 0.1833271 0.1232269 0.1629920 0.1380303 0.1170122 0.1446514 0.1441804 0.1446144 0.1475556 0.1475556 0.1416299 0.1545695 0.1442453 0.1683425 0.1509921 0.1675246 0.1711919 0.1667132 0.1743164 0.1754961 0.1747851 0.1161073 0.1125004 0.1138628 0.1169925 0.1129995 0.1125004 0.1138628 0.1814925 0.1404119 0.1686354 0.1749044 0.2426129 0.1987045 
Hemileccinum_043 0.1203704 0.0837665 0.1229957 0.1206130 0.1203704 0.0822614 0.1261372 0.2918773 0.0835854 0.0019164 0.1085534 0.1237883 0.1147691 0.1147691 0.0000010 0.2352888 0.2304506 0.1125710 0.2304506 0.2214648 0.0824359 0.1688008 0.1697741 0.1146393 0.2364838 0.0817951 0.0820201 0.0820201 0.1174665 0.1151830 0.0824359 0.0932667 0.2378733 0.1209123 0.0634289 0.0820556 0.2918773 0.2884225 0.0657025 0.1665421 0.0000000 0.0657025 0.0985212 0.1665421 0.0634289 0.2927257 0.1828740 0.1858820 0.1828740 0.0817951 0.0893186 0.1153434 0.1153434 0.1416728 0.1416728 0.1437021 0.1437021 0.1586446 0.1451200 0.1417061 0.1086389 0.0019164 0.1007085 0.0775518 0.0910082 0.0907779 0.0884720 0.0856757 0.0856757 0.0862080 0.0881385 0.1059471 0.0968756 0.0882466 0.1638526 0.1671251 0.1667481 0.1178020 0.1210047 0.1206130 0.1229492 0.1297179 0.1315974 0.1337273 0.1302193 0.1297179 0.1315974 0.1204162 0.1030961 0.1214309 0.1206868 0.1789783 0.2039206 
Hemileccinum_044 0.1120461 0.0777539 0.1146215 0.1122684 0.1120461 0.0775986 0.1176699 0.2970539 0.0775881 0.0634052 0.0896223 0.1014034 0.0930731 0.0930731 0.0657025 0.2312788 0.2307929 0.0947092 0.2307929 0.2176519 0.0777629 0.1406913 0.1414760 0.1150859 0.2405004 0.0490787 0.0513348 0.0513348 0.0932239 0.0936688 0.0777629 0.0832753 0.2228950 0.1097014 0.0019168 0.0512816 0.2970539 0.2936092 0.0000010 0.1649154 0.0657025 0.0000000 0.0843261 0.1649154 0.0019168 0.2979151 0.1777996 0.1807269 0.1777996 0.0490787 0.0558465 0.0910684 0.0910684 0.1517386 0.1517386 0.1458181 0.1458181 0.1640114 0.1499962 0.1438322 0.0855620 0.0634052 0.0868374 0.0684446 0.0810498 0.0808467 0.0785794 0.0784213 0.0784213 0.0763479 0.0808426 0.0922183 0.0893421 0.0809405 0.1589649 0.1622353 0.1585820 0.1095240 0.1126310 0.1122684 0.1110227 0.1105436 0.1121267 0.1144017 0.1109661 0.1105436 0.1121267 0.1120885 0.0894803 0.1101636 0.1097672 0.1620429 0.1862433 
