21
Amoenoboletus_01 0.0000000 0.0104500 0.0529966 0.2107677 0.1907991 0.0059239 0.2000792 0.2107677 0.1858923 0.1555885 0.1682280 0.0985538 0.0059778 0.1448331 0.1858923 0.1723370 0.1029036 0.0932350 0.0988939 0.0880263 0.0044409 
Amoenoboletus_02 0.0104500 0.0000000 0.0394111 0.1990953 0.1815288 0.0043937 0.1798664 0.1990953 0.1618371 0.1340773 0.1498740 0.0985538 0.0044653 0.1284787 0.1618371 0.1498005 0.0849569 0.0862518 0.0912794 0.0824546 0.0043213 
Amoenoboletus_03 0.0529966 0.0394111 0.0000000 0.1987383 0.1807039 0.0453969 0.1790045 0.1987383 0.1525173 0.1297197 0.1480428 0.1143937 0.0462189 0.1397428 0.1525173 0.1435792 0.1012960 0.1027997 0.1089390 0.0966895 0.0445710 
Amoenoboletus_04 0.2107677 0.1990953 0.1987383 0.0000000 0.0059326 0.2071956 0.0103915 0.0000010 0.2803333 0.2545247 0.2688435 0.1651320 0.2118817 0.2520387 0.2803333 0.2651654 0.1869015 0.1966892 0.1969096 0.1843490 0.1994368 
Amoenoboletus_05 0.1907991 0.1815288 0.1807039 0.0059326 0.0000000 0.1889481 0.0000010 0.0059326 0.2589688 0.2337279 0.2471943 0.1651320 0.1931393 0.2315624 0.2589688 0.2442289 0.1684252 0.1842288 0.1969096 0.1843490 0.1844460 
Amoenoboletus_06 0.0059239 0.0043937 0.0453969 0.2071956 0.1889481 0.0000000 0.1871667 0.2071956 0.1732836 0.1441906 0.1570504 0.0985538 0.0000010 0.1339385 0.1732836 0.1604774 0.0931550 0.0924088 0.0979635 0.0871524 0.0000010 
Amoenoboletus_07 0.2000792 0.1798664 0.1790045 0.0103915 0.0000010 0.1871667 0.0000000 0.0103915 0.2563173 0.2313395 0.2446016 0.1651320 0.1912800 0.2292261 0.2563173 0.2417425 0.1667820 0.1842288 0.1969096 0.1843490 0.1830844 
Amoenoboletus_08 0.2107677 0.1990953 0.1987383 0.0000010 0.0059326 0.2071956 0.0103915 0.0000000 0.2803333 0.2545247 0.2688435 0.1651320 0.2118817 0.2520387 0.2803333 0.2651654 0.1869015 0.1966892 0.1969096 0.1843490 0.1994368 
Amoenoboletus_09 0.1858923 0.1618371 0.1525173 0.2803333 0.2589688 0.1732836 0.2563173 0.2803333 0.0000000 0.2388644 0.2552589 0.1897230 0.1771066 0.2312906 0.0000010 0.2466352 0.1595095 0.1591039 0.1694612 0.1498624 0.1694872 
Amoenoboletus_10 0.1555885 0.1340773 0.1297197 0.2545247 0.2337279 0.1441906 0.2313395 0.2545247 0.2388644 0.0000000 0.0030505 0.0000010 0.1472509 0.1107392 0.2388644 0.0044747 0.1301061 0.1237781 0.1317414 0.1184752 0.1411440 
Amoenoboletus_11 0.1682280 0.1498740 0.1480428 0.2688435 0.2471943 0.1570504 0.2446016 0.2688435 0.2552589 0.0030505 0.0000000 0.0000010 0.1595392 0.1201373 0.2552589 0.0091418 0.1390184 0.1401235 0.1494552 0.1246053 0.1573393 
Amoenoboletus_12 0.0985538 0.0985538 0.1143937 0.1651320 0.1651320 0.0985538 0.1651320 0.1651320 0.1897230 0.0000010 0.0000010 0.0000000 0.0985538 0.0784128 0.1897230 0.0023320 0.0868044 0.0799824 0.0799824 0.0799824 0.0985538 
Amoenoboletus_13 0.0059778 0.0044653 0.0462189 0.2118817 0.1931393 0.0000010 0.1912800 0.2118817 0.1771066 0.1472509 0.1595392 0.0985538 0.0000000 0.1367195 0.1771066 0.1638996 0.0929660 0.0942850 0.1000756 0.0891389 0.0000010 
Amoenoboletus_14 0.1448331 0.1284787 0.1397428 0.2520387 0.2315624 0.1339385 0.2292261 0.2520387 0.2312906 0.1107392 0.1201373 0.0784128 0.1367195 0.0000000 0.2312906 0.1187303 0.1414469 0.1318739 0.1402646 0.1178791 0.1311660 
Amoenoboletus_15 0.1858923 0.1618371 0.1525173 0.2803333 0.2589688 0.1732836 0.2563173 0.2803333 0.0000010 0.2388644 0.2552589 0.1897230 0.1771066 0.2312906 0.0000000 0.2466352 0.1595095 0.1591039 0.1694612 0.1498624 0.1694872 
Amoenoboletus_16 0.1723370 0.1498005 0.1435792 0.2651654 0.2442289 0.1604774 0.2417425 0.2651654 0.2466352 0.0044747 0.0091418 0.0023320 0.1638996 0.1187303 0.2466352 0.0000000 0.1346447 0.1403069 0.1493843 0.1235693 0.1570733 
Amoenoboletus_17 0.1029036 0.0849569 0.1012960 0.1869015 0.1684252 0.0931550 0.1667820 0.1869015 0.1595095 0.1301061 0.1390184 0.0868044 0.0929660 0.1414469 0.1595095 0.1346447 0.0000000 0.0372584 0.0374611 0.0246665 0.0912519 
Amoenoboletus_18 0.0932350 0.0862518 0.1027997 0.1966892 0.1842288 0.0924088 0.1842288 0.1966892 0.1591039 0.1237781 0.1401235 0.0799824 0.0942850 0.1318739 0.1591039 0.1403069 0.0372584 0.0000000 0.0015885 0.0017293 0.0903808 
Amoenoboletus_19 0.0988939 0.0912794 0.1089390 0.1969096 0.1969096 0.0979635 0.1969096 0.1969096 0.1694612 0.1317414 0.1494552 0.0799824 0.1000756 0.1402646 0.1694612 0.1493843 0.0374611 0.0015885 0.0000000 0.0000010 0.0956877 
Amoenoboletus_20 0.0880263 0.0824546 0.0966895 0.1843490 0.1843490 0.0871524 0.1843490 0.1843490 0.1498624 0.1184752 0.1246053 0.0799824 0.0891389 0.1178791 0.1498624 0.1235693 0.0246665 0.0017293 0.0000010 0.0000000 0.0871524 
Amoenoboletus_21 0.0044409 0.0043213 0.0445710 0.1994368 0.1844460 0.0000010 0.1830844 0.1994368 0.1694872 0.1411440 0.1573393 0.0985538 0.0000010 0.1311660 0.1694872 0.1570733 0.0912519 0.0903808 0.0956877 0.0871524 0.0000000 
