8
n.k.zeng3078|ITS|MT822937.1 0.0000000 0.4522506 0.4563243 0.0434904 0.0250535 0.0031145 0.0127724 0.0347191 
le312521|ITS|MT881670.1     0.4522506 0.0000000 0.0000010 0.4897821 0.4607716 0.4494489 0.4521480 0.4528983 
le312491|ITS|MT298114.1     0.4563243 0.0000010 0.0000000 0.4907603 0.4535031 0.4544763 0.4573689 0.4581591 
gdgm70561|ITS|MH374040.1    0.0434904 0.4897821 0.4907603 0.0000000 0.0081212 0.0470282 0.0530754 0.0244954 
gdgm70536|ITS|MH374039.1    0.0250535 0.4607716 0.4535031 0.0081212 0.0000000 0.0285099 0.0393526 0.0048530 
gdgm46541|ITS|MH374038.1    0.0031145 0.4494489 0.4544763 0.0470282 0.0285099 0.0000000 0.0095118 0.0381796 
gdgm44440|ITS|MH374037.1    0.0127724 0.4521480 0.4573689 0.0530754 0.0393526 0.0095118 0.0000000 0.0364733 
gdgm70536|ITS|MH374036.1    0.0347191 0.4528983 0.4581591 0.0244954 0.0048530 0.0381796 0.0364733 0.0000000 
