19
smnhtau                                 0.0000000 0.1113510 0.1086181 0.1033032 0.0653807 0.0000010 0.3323326 0.1058918 0.1083735 0.0000010 0.0160408 0.1083735 0.1090103 0.1139189 0.0000010 0.0000010 0.0133735 0.0000010 0.0160408 
flas_f_72861|ITS|PP850655.1             0.1113510 0.0000000 0.0015396 0.0036297 0.0032849 0.1121176 0.3378131 0.0093345 0.0017257 0.1147981 0.1320399 0.0015372 0.0048688 0.0062441 0.1147981 0.1121176 0.0750488 0.1130101 0.1320399 
omdl_inat_80323515|ITS|PP791178.1       0.1086181 0.0015396 0.0000000 0.0018048 0.0016369 0.1096927 0.3395031 0.0077538 0.0000010 0.1123428 0.1294314 0.0000010 0.0032344 0.0046672 0.1123428 0.1096927 0.0728132 0.1105616 0.1294314 
flas_f_71408|ITS|OR052588.1             0.1033032 0.0036297 0.0018048 0.0000000 0.0037833 0.1053505 0.3568269 0.0072796 0.0000010 0.1023614 0.1190564 0.0018048 0.0036566 0.0054811 0.1023614 0.1053505 0.0739806 0.1053505 0.1190564 
jlf2561|ITS|KC812305.1                  0.0653807 0.0032849 0.0016369 0.0037833 0.0000000 0.0714893 0.2832747 0.0099289 0.0018487 0.0738213 0.0894314 0.0016342 0.0050699 0.0066433 0.0738213 0.0714893 0.0687621 0.0714893 0.0894314 
hal_bp_1|ITS|MT594492.1                 0.0000010 0.1121176 0.1096927 0.1053505 0.0714893 0.0000000 0.3291955 0.1117359 0.1074192 0.0015394 0.0158066 0.1094738 0.1056310 0.1175760 0.0015394 0.0000010 0.0119577 0.0000010 0.0158066 
otu269|ITS|MT595615.1                   0.3323326 0.3378131 0.3395031 0.3568269 0.2832747 0.3291955 0.0000000 0.3378131 0.3378131 0.3291955 0.3429015 0.3378131 0.3435892 0.3378131 0.3291955 0.3291955 0.3040752 0.3357807 0.3429015 
jlf7889|ITS|MT133530.1                  0.1058918 0.0093345 0.0077538 0.0072796 0.0099289 0.1117359 0.3378131 0.0000000 0.0034513 0.1144025 0.1315595 0.0077416 0.0081351 0.0109797 0.1144025 0.1117359 0.0748112 0.1126216 0.1315595 
mushroom_observer_320104|ITS|MK537327.1 0.1083735 0.0017257 0.0000010 0.0000010 0.0018487 0.1074192 0.3378131 0.0034513 0.0000000 0.1074192 0.1262721 0.0000010 0.0035633 0.0052192 0.1074192 0.1074192 0.0722533 0.1083700 0.1262721 
ml61972ai|ITS|MH011928.1                0.0000010 0.1147981 0.1123428 0.1023614 0.0738213 0.0015394 0.3291955 0.1144025 0.1074192 0.0000000 0.0141580 0.1121176 0.1056310 0.1175760 0.0000010 0.0015394 0.0137391 0.0015491 0.0141580 
amb                                     0.0160408 0.1320399 0.1294314 0.1190564 0.0894314 0.0158066 0.3429015 0.1315595 0.1262721 0.0141580 0.0000000 0.1291635 0.1230344 0.1350154 0.0141580 0.0158066 0.0300786 0.0159089 0.0000010 
jlf2561b|ITS|KU736958.1                 0.1083735 0.0015372 0.0000010 0.0018048 0.0016342 0.1094738 0.3378131 0.0077416 0.0000010 0.1121176 0.1291635 0.0000000 0.0032290 0.0046598 0.1121176 0.1094738 0.0726697 0.1103392 0.1291635 
arb1356|ITS|KU736957.1                  0.1090103 0.0048688 0.0032344 0.0036566 0.0050699 0.1056310 0.3435892 0.0081351 0.0035633 0.1056310 0.1230344 0.0032290 0.0000000 0.0000020 0.1056310 0.1056310 0.0758046 0.1056310 0.1230344 
arb1262|ITS|KT223008.1                  0.1139189 0.0062441 0.0046672 0.0054811 0.0066433 0.1175760 0.3378131 0.0109797 0.0052192 0.1175760 0.1350154 0.0046598 0.0000020 0.0000000 0.1175760 0.1175760 0.0799602 0.1185250 0.1350154 
to_avx11|ITS|KJ729498.1                 0.0000010 0.1147981 0.1123428 0.1023614 0.0738213 0.0015394 0.3291955 0.1144025 0.1074192 0.0000010 0.0141580 0.1121176 0.1056310 0.1175760 0.0000000 0.0015394 0.0137391 0.0015491 0.0141580 
mg420a|ITS|KJ729496.1                   0.0000010 0.1121176 0.1096927 0.1053505 0.0714893 0.0000010 0.3291955 0.1117359 0.1074192 0.0015394 0.0158066 0.1094738 0.1056310 0.1175760 0.0015394 0.0000000 0.0119577 0.0000010 0.0158066 
rg_xer.ich._6|ITS|KJ729495.1            0.0133735 0.0750488 0.0728132 0.0739806 0.0687621 0.0119577 0.3040752 0.0748112 0.0722533 0.0137391 0.0300786 0.0726697 0.0758046 0.0799602 0.0137391 0.0119577 0.0000000 0.0119577 0.0300786 
mg_549a|ITS|KJ729493.1                  0.0000010 0.1130101 0.1105616 0.1053505 0.0714893 0.0000010 0.3357807 0.1126216 0.1083700 0.0015491 0.0159089 0.1103392 0.1056310 0.1185250 0.0015491 0.0000010 0.0119577 0.0000000 0.0159089 
amb_12756|ITS|KJ729491.1                0.0160408 0.1320399 0.1294314 0.1190564 0.0894314 0.0158066 0.3429015 0.1315595 0.1262721 0.0141580 0.0000010 0.1291635 0.1230344 0.1350154 0.0141580 0.0158066 0.0300786 0.0159089 0.0000000 
