139
Boletaceae_001    0.0000000 0.0846080 0.2783669 0.2830474 0.3481796 0.3006946 0.3090637 0.3051410 0.1595318 0.4203791 0.5284954 0.6319581 0.5706206 0.2897556 0.3123289 0.4357652 0.4289197 0.4272181 0.3807074 0.2730635 0.3779864 0.3315554 0.6302887 0.4144944 0.4490906 0.5424336 0.4043542 0.3603262 0.4386029 0.5384569 0.4644321 0.3753803 0.3292281 0.5134383 0.4791103 0.2967069 0.4742757 0.3761364 0.2960716 0.2834659 0.4536715 0.4194446 0.5088825 0.4416989 0.3523669 0.2875124 0.2875124 0.4041392 0.4840164 0.6649239 0.4826646 0.4356463 0.3180625 0.3315554 0.5702057 0.4603097 0.2931630 0.2726798 0.4227572 0.4197360 0.3582113 0.4125881 0.3922499 0.4225871 0.3658804 1.0826002 0.3201523 0.2181944 0.6539247 0.4791476 0.3051410 0.2486279 0.2665648 0.2724372 0.3376130 0.3518114 0.5103365 0.5378826 0.5003334 0.4836886 0.6007147 0.4512289 0.3313226 0.2695029 0.2176801 0.5110324 0.4927402 0.2791454 0.3411125 0.3075714 0.6322269 0.3258509 0.2559284 0.2639986 0.4292178 0.3805492 0.1983658 0.2986686 0.3317478 0.2291918 0.2950483 0.4003453 0.3764939 0.3432258 0.3057787 0.7780440 0.3434008 0.0757137 0.4961590 0.3275262 0.5591088 0.5683855 0.6222027 0.4141687 0.4592695 0.5600941 0.4572696 0.4627250 0.4721363 0.6093342 0.4358925 0.4384578 0.4642578 0.4879562 0.4002264 0.3467582 0.3185929 0.3220710 0.5191472 0.3997332 0.4900092 0.4900092 0.4960710 0.2788915 0.3245336 0.3136137 0.2695174 0.3022325 0.2916237 
Boletaceae_002    0.0846080 0.0000000 0.3982248 0.4328204 0.5156499 0.4601841 0.4578425 0.4661127 0.2803685 0.5577924 0.7853389 0.8963794 0.7388177 0.4467757 0.4760872 0.7347135 0.6475831 0.6446389 0.5673751 0.4338269 0.5921714 0.4981000 0.8538294 0.5807735 0.6449182 0.7192220 0.6355580 0.5367369 0.6629879 0.7241979 0.6863966 0.5028460 0.4985113 0.6879994 0.6643365 0.4816338 0.6805140 0.5410914 0.4522962 0.4441144 0.6725705 0.5729903 0.7145540 0.6551270 0.5131747 0.4638048 0.4638048 0.5908944 0.7501191 0.9576849 0.6721085 0.6682616 0.4510105 0.4981000 0.8336233 0.6741361 0.4181175 0.4285730 0.5904797 0.6165395 0.5732599 0.6361314 0.5844617 0.6225348 0.5058357 1.3619841 0.4945017 0.3051389 0.8410024 0.7570961 0.4661127 0.3686114 0.3862392 0.4298910 0.5578250 0.5337897 0.6414248 0.7114557 0.6867453 0.6911345 0.8343990 0.6947328 0.5340264 0.4013629 0.3697879 0.7034354 0.6933511 0.5170729 0.5853357 0.4270165 0.8193819 0.5081422 0.4059190 0.4029395 0.5842277 0.5635255 0.3550445 0.4605520 0.5000976 0.3984409 0.4259154 0.5657915 0.5704162 0.5099407 0.4610453 1.0375009 0.5861948 0.1818600 0.6389310 0.4841329 0.8151782 0.7596364 0.8079322 0.5593930 0.7144746 0.7497919 0.6658676 0.6858216 0.6344481 0.7759159 0.6996106 0.6168452 0.6738899 0.6962749 0.6298273 0.5055536 0.4726552 0.4813575 0.7714626 0.5832146 0.7197210 0.7197210 0.7281899 0.4652937 0.5149345 0.4614676 0.4028993 0.4191978 0.4280724 
Boletaceae_003    0.2783669 0.3982248 0.0000000 0.1441730 0.1530833 0.2457325 0.2504175 0.2504175 0.2833994 0.2725582 0.3464582 0.4095209 0.3897896 0.1669690 0.2577552 0.2324832 0.1976950 0.1969688 0.1971657 0.1563461 0.2223716 0.2306075 0.2981296 0.2061913 0.3043524 0.2890513 0.2772541 0.2419402 0.2925421 0.3155767 0.3119806 0.3304959 0.1709615 0.2822527 0.2399295 0.1388579 0.2907863 0.1985297 0.2731044 0.1550831 0.2763457 0.3040785 0.3294302 0.2642033 0.2004623 0.2005855 0.2005855 0.2386209 0.2591809 0.3707786 0.3155894 0.2396710 0.1916143 0.2306075 0.3089211 0.2379423 0.1782807 0.1478420 0.1641132 0.2603059 0.1575884 0.2369004 0.2668899 0.3117257 0.1947558 0.9197896 0.2004597 0.1617654 0.6844799 0.2846502 0.2504175 0.1744439 0.1870432 0.1501127 0.3018607 0.0850384 0.2405252 0.2447177 0.1962213 0.2793762 0.2981296 0.3434849 0.2193839 0.1460687 0.1166416 0.3598713 0.3503406 0.1425400 0.1762965 0.2077667 0.5879454 0.1935968 0.1479454 0.2257251 0.1971541 0.2210194 0.1494704 0.2637577 0.2002029 0.1499920 0.2086767 0.3291850 0.2852462 0.2486625 0.2334762 0.7595885 0.1862647 0.3035838 0.2723332 0.1973187 0.3929973 0.5275162 0.5671442 0.1471044 0.2129031 0.3059675 0.2363388 0.2306822 0.1384790 0.2422660 0.2409872 0.2155003 0.2260060 0.2973462 0.2363223 0.2015399 0.1902617 0.1640192 0.3301701 0.2395167 0.2791021 0.2791021 0.2743636 0.2086582 0.2701035 0.2145917 0.1355711 0.1544863 0.1513550 
Boletaceae_004    0.2830474 0.4328204 0.1441730 0.0000000 0.1381859 0.1943726 0.1967232 0.1981961 0.3115437 0.2981080 0.4234829 0.4553118 0.4950445 0.1625204 0.2039078 0.3479803 0.1682585 0.1676987 0.1845719 0.0800769 0.2474896 0.1484504 0.4676750 0.1939299 0.2222576 0.2995919 0.2819128 0.1857229 0.3252150 0.3492007 0.3382306 0.3251195 0.1520177 0.2933514 0.2774215 0.0953688 0.3226011 0.1715208 0.2467257 0.0989949 0.2644275 0.3781245 0.3973261 0.3383973 0.1689252 0.2281821 0.2281821 0.2249080 0.2888509 0.4913563 0.3066143 0.2829931 0.1429717 0.1484504 0.2835353 0.2574667 0.1381219 0.0104475 0.1812103 0.3319585 0.2861090 0.2437760 0.2863280 0.2716028 0.2063969 0.9661617 0.1216541 0.0915072 0.6537304 0.2333439 0.1981961 0.1424754 0.1101887 0.0791138 0.2787359 0.1876521 0.2824944 0.2708197 0.3208880 0.3478473 0.4721774 0.4053136 0.1928445 0.0537965 0.1041990 0.4155216 0.3715365 0.1851316 0.1836391 0.2130965 0.5580601 0.1210682 0.0373090 0.2248304 0.2187018 0.2400919 0.1069912 0.2495384 0.1733983 0.1805238 0.2056966 0.3218966 0.2859700 0.2506342 0.2007989 0.6465486 0.2566803 0.2854828 0.3791695 0.1748270 0.4199289 0.4875046 0.5301591 0.1963891 0.3317112 0.3906293 0.2492704 0.3101884 0.2185018 0.3010441 0.2275039 0.3005544 0.2479627 0.3296705 0.2176238 0.1782847 0.1410809 0.1517022 0.3148350 0.2660420 0.2597357 0.2597357 0.2639713 0.2038788 0.2848992 0.1834502 0.1023608 0.1565672 0.1404870 
Boletaceae_005    0.3481796 0.5156499 0.1530833 0.1381859 0.0000000 0.2330442 0.2360930 0.2369482 0.3134204 0.3186903 0.3933731 0.4904066 0.4766646 0.1488416 0.2429903 0.3898955 0.1839095 0.1833060 0.2384632 0.1160237 0.2717272 0.2084836 0.5323285 0.1844435 0.2664955 0.3570747 0.3207471 0.2705416 0.4158562 0.4017564 0.4245969 0.3761255 0.1645548 0.3366604 0.3392894 0.1440031 0.3566209 0.2738170 0.2415446 0.1614595 0.4008254 0.3701120 0.4171736 0.3648090 0.2000153 0.2798456 0.2798456 0.2606768 0.3222067 0.4952837 0.3251346 0.3587858 0.1683060 0.2084836 0.3977984 0.2878736 0.1470126 0.1292900 0.1838971 0.3693415 0.3806483 0.2363678 0.3061451 0.3554684 0.2326994 0.9644551 0.1622401 0.0845919 0.7392295 0.2808869 0.2369482 0.1415402 0.1879652 0.1118073 0.3589667 0.1974407 0.3114358 0.3286918 0.3589750 0.4792895 0.5095816 0.3753994 0.2602921 0.1066870 0.1785810 0.5287099 0.4107540 0.2651781 0.2386544 0.2354127 0.6417324 0.1849996 0.1149684 0.2379100 0.2506922 0.2362149 0.1101342 0.2334655 0.2527709 0.3096645 0.2659086 0.3835623 0.3343987 0.2736403 0.2467736 0.6183342 0.2617277 0.3069785 0.4008437 0.2543204 0.3979963 0.6121687 0.6386997 0.2308533 0.4009007 0.4082718 0.3065619 0.3328971 0.2328846 0.3232223 0.3165086 0.2787801 0.2735239 0.3521414 0.3102311 0.2607450 0.1848669 0.1920576 0.3626612 0.3544884 0.3133609 0.3133609 0.3091140 0.2749645 0.3196932 0.1767462 0.1477207 0.1530323 0.1370625 
Boletaceae_006    0.3006946 0.4601841 0.2457325 0.1943726 0.2330442 0.0000000 0.0021759 0.0020525 0.3142358 0.3726129 0.4004781 0.5431131 0.5320566 0.2099789 0.0041435 0.2604295 0.2495977 0.2486772 0.3420939 0.1845083 0.3293175 0.2787235 0.4893254 0.2459695 0.4200737 0.3650987 0.3754181 0.2906085 0.4632830 0.3868391 0.4703610 0.3189458 0.2422146 0.3478476 0.3310054 0.1976096 0.3617561 0.1854346 0.3141939 0.2069192 0.3546167 0.3495896 0.4441064 0.3132862 0.2966151 0.2727805 0.2727805 0.2911922 0.4009559 0.3790604 0.3913847 0.3732247 0.2628368 0.2787235 0.4062343 0.3319720 0.2357413 0.1961950 0.2731112 0.2940636 0.2363652 0.3212886 0.1551763 0.2797065 0.3499162 1.0104167 0.1992562 0.2210571 0.7632221 0.4044939 0.0020525 0.2281738 0.2131037 0.1831871 0.3552210 0.2508425 0.3616253 0.3585847 0.2878444 0.2865299 0.4826003 0.4040333 0.2717096 0.2303080 0.1434430 0.3319408 0.3355260 0.1545779 0.3220323 0.2255990 0.6647545 0.2509583 0.1799745 0.2499934 0.3272401 0.2545512 0.2072940 0.3167374 0.1988467 0.2540913 0.3320351 0.3695003 0.3409210 0.3055177 0.2380464 0.6865887 0.2312589 0.2921754 0.2756478 0.1943566 0.5049467 0.5910791 0.6566107 0.3414374 0.3492566 0.4082572 0.3245109 0.3597512 0.2907418 0.3571123 0.3440146 0.3607554 0.3265775 0.4420885 0.3070787 0.2071243 0.2212347 0.1982725 0.3442629 0.3461277 0.3228144 0.3228144 0.3275633 0.2822352 0.2854418 0.2625185 0.2156386 0.3193642 0.3001635 
Boletaceae_007    0.3090637 0.4578425 0.2504175 0.1967232 0.2360930 0.0021759 0.0000000 0.0000010 0.3238032 0.3875032 0.4174520 0.5659651 0.5270266 0.2194821 0.0021903 0.2777542 0.2503220 0.2493982 0.3454289 0.1924381 0.3370585 0.2900685 0.4877380 0.2506456 0.3986426 0.3606637 0.3754392 0.3042081 0.4869983 0.3916089 0.4914464 0.3348985 0.2449101 0.3529750 0.3080176 0.2068422 0.3764336 0.1810447 0.3290950 0.2147151 0.3335570 0.3662605 0.4267386 0.2957405 0.2906776 0.2942025 0.2942025 0.3140223 0.4024048 0.4170474 0.4066950 0.3517859 0.2682896 0.2900685 0.4319457 0.3483801 0.2405543 0.2006658 0.2885431 0.2867003 0.2571633 0.3254207 0.1533403 0.2961850 0.3456739 1.0408798 0.2124174 0.2210571 0.7851943 0.4172552 0.0000010 0.2375119 0.2126796 0.1909466 0.3188052 0.2576815 0.3670591 0.3539590 0.3060327 0.2660338 0.4877380 0.4224006 0.2779779 0.2352298 0.1521392 0.3358620 0.3317147 0.1602599 0.3284255 0.2300354 0.6659576 0.2463917 0.1847584 0.2395455 0.3235610 0.2621156 0.2173568 0.3317090 0.2002358 0.2703419 0.3457418 0.4021792 0.3643807 0.3064290 0.2414513 0.7554972 0.2434116 0.3047637 0.2558661 0.1940393 0.5253198 0.5790947 0.6466978 0.3102049 0.3201744 0.3988370 0.2949654 0.3229853 0.2588544 0.3475171 0.3263946 0.3599422 0.3227675 0.4487538 0.3054209 0.2072011 0.2230048 0.1938529 0.3278338 0.3627407 0.3198541 0.3198541 0.3248712 0.2949576 0.2878080 0.2625185 0.2206926 0.3193642 0.3001635 
Boletaceae_008    0.3051410 0.4661127 0.2504175 0.1981961 0.2369482 0.0020525 0.0000010 0.0000000 0.3188214 0.3777437 0.4059791 0.5503946 0.5387375 0.2137141 0.0020653 0.2695004 0.2503220 0.2493982 0.3468423 0.1881110 0.3340380 0.2833868 0.4959285 0.2418523 0.4256983 0.3701883 0.3804472 0.2953725 0.4691844 0.3921897 0.4764273 0.3236184 0.2428250 0.3527589 0.3361353 0.2015754 0.3680790 0.1810447 0.3195811 0.2107486 0.3600615 0.3545753 0.4499222 0.3180960 0.3011920 0.2771412 0.2771412 0.2955765 0.4062755 0.3936401 0.3971150 0.3740421 0.2673807 0.2833868 0.4120096 0.3369799 0.2405543 0.1998806 0.2773452 0.2987521 0.2429631 0.3260934 0.1519207 0.2839470 0.3552061 0.9957256 0.2029401 0.2210571 0.7648373 0.4101811 0.0000010 0.2288388 0.2172063 0.1867567 0.3498169 0.2551276 0.3670591 0.3636086 0.2930449 0.2910136 0.4888882 0.4048575 0.2765812 0.2352298 0.1495320 0.3367883 0.3362556 0.1593808 0.3278029 0.2300354 0.6735415 0.2551076 0.1835957 0.2542080 0.3323035 0.2588780 0.2130567 0.3221091 0.1949527 0.2623803 0.3369526 0.3746201 0.3457746 0.3101935 0.2419730 0.6960392 0.2376309 0.2965688 0.2800745 0.1905633 0.5115030 0.5993531 0.6653494 0.3463866 0.3502387 0.4144496 0.3290737 0.3653885 0.2951071 0.3626320 0.3494394 0.3657401 0.3313439 0.4481324 0.3116465 0.2031208 0.2251297 0.2023781 0.3493373 0.3509718 0.3274119 0.3274119 0.3321964 0.2869070 0.2897938 0.2625185 0.2206926 0.3193642 0.3001635 
Boletaceae_009    0.1595318 0.2803685 0.2833994 0.3115437 0.3134204 0.3142358 0.3238032 0.3188214 0.0000000 0.3711651 0.4943193 0.5641352 0.5489012 0.2943732 0.3262818 0.3382528 0.3422188 0.3409394 0.3962046 0.2572520 0.4181259 0.2888259 0.6451793 0.4089827 0.4222773 0.4756452 0.4265297 0.4058736 0.4921813 0.4822353 0.5007747 0.3390757 0.3068490 0.4497497 0.4265278 0.2544459 0.4323110 0.2979574 0.3135399 0.3005529 0.5053272 0.4086595 0.4918587 0.4294109 0.3203253 0.3047201 0.3047201 0.3708151 0.4381478 0.5578530 0.4690758 0.4896249 0.3006873 0.2888259 0.4992038 0.3898422 0.2874452 0.2910203 0.3887636 0.4173339 0.3873902 0.4784145 0.3423548 0.3951696 0.3495049 0.9960328 0.3090164 0.2207541 0.7935496 0.4300948 0.3188214 0.2590637 0.2420409 0.2567133 0.3827163 0.3521546 0.4795752 0.5065926 0.4837383 0.5031871 0.6070215 0.3971368 0.3230201 0.2484161 0.1855151 0.5169363 0.4614461 0.2651667 0.3495811 0.2730860 0.5725372 0.3311675 0.2719202 0.2868008 0.4150664 0.3447180 0.1896148 0.3089639 0.2842444 0.2670997 0.3294957 0.3809009 0.4245930 0.3300546 0.3210957 0.6773770 0.2788136 0.1779732 0.5072665 0.2729066 0.5384928 0.5258682 0.5630949 0.4666705 0.3997602 0.5692003 0.4684125 0.4868212 0.5060686 0.5906382 0.4146744 0.4673706 0.5190802 0.4691190 0.4333407 0.2888009 0.2906146 0.2782463 0.5252815 0.4077504 0.5336532 0.5336532 0.5274809 0.2825289 0.3180358 0.2934482 0.2718195 0.2771152 0.3349157 
Boletaceae_010    0.4203791 0.5577924 0.2725582 0.2981080 0.3186903 0.3726129 0.3875032 0.3777437 0.3711651 0.0000000 0.5375835 0.5694533 0.6330380 0.3132176 0.3862542 0.4186904 0.3086232 0.3074824 0.3843643 0.2982160 0.4059035 0.3464716 0.6093515 0.3201314 0.4184926 0.1682375 0.4278826 0.3474375 0.4832504 0.1513788 0.4720820 0.4639553 0.3380960 0.1530620 0.4135446 0.2994755 0.4959040 0.3379446 0.3678054 0.3559815 0.4610566 0.4727529 0.4568245 0.4591344 0.3582710 0.3385920 0.3385920 0.4296346 0.5113429 0.5810654 0.5204661 0.4234283 0.3094365 0.3464716 0.4377403 0.4333820 0.2347244 0.2702195 0.3678010 0.4345734 0.3529910 0.4499522 0.4394244 0.4254021 0.2834233 1.1222881 0.3254511 0.2254851 0.8633475 0.4493045 0.3777437 0.3051398 0.2969475 0.2942947 0.4653469 0.3402620 0.3737928 0.3874829 0.4447441 0.4816757 0.5811082 0.4103772 0.3066429 0.2036357 0.2901230 0.5528048 0.5241011 0.2375341 0.3291074 0.3130511 0.6855416 0.3609122 0.2824485 0.3854408 0.4096975 0.3361266 0.2101236 0.3774710 0.3513575 0.3744149 0.3683399 0.4048545 0.3698345 0.3532711 0.3585281 0.7830595 0.3311293 0.3995977 0.4422639 0.3365728 0.5657916 0.6210856 0.6600844 0.4322873 0.4672938 0.4813978 0.4894524 0.4662534 0.4030147 0.5109051 0.3530948 0.4029436 0.4047641 0.5551552 0.3595484 0.3680438 0.3040320 0.3021411 0.3972393 0.4073156 0.4851222 0.4851222 0.4912426 0.4205886 0.4388066 0.2798624 0.2476063 0.2741151 0.2854945 
Boletaceae_011    0.5284954 0.7853389 0.3464582 0.4234829 0.3933731 0.4004781 0.4174520 0.4059791 0.4943193 0.5375835 0.0000000 0.6632750 0.7391973 0.3797377 0.4151700 0.4867831 0.4609492 0.4609492 0.4850238 0.4484253 0.5047714 0.4214035 0.7279807 0.5162746 0.5906819 0.6093694 0.6196733 0.5343802 0.6161969 0.6053480 0.6205273 0.5808708 0.4795546 0.5902547 0.5284668 0.4098755 0.5031299 0.4159944 0.3936271 0.4366276 0.5646434 0.6141785 0.6242611 0.5658220 0.4850997 0.4645725 0.4645725 0.4616175 0.5999299 0.9101289 0.5936096 0.5588051 0.3685176 0.4214035 0.5724407 0.4395761 0.3488625 0.4040114 0.4327555 0.5489455 0.4716674 0.4871028 0.5188824 0.5217126 0.4920347 1.3773963 0.4807953 0.3426860 0.8969968 0.5671699 0.4059791 0.3466966 0.3194448 0.4510102 0.5727909 0.4496213 0.5046822 0.5406668 0.4925271 0.5357718 0.6982165 0.5285177 0.5129807 0.3467723 0.3983415 0.5868871 0.5776883 0.3485113 0.4274843 0.4534023 0.5986144 0.4355107 0.3964752 0.3851690 0.5911768 0.5215508 0.2598016 0.3858901 0.4260385 0.5114592 0.4504104 0.5813362 0.5500545 0.4857133 0.4502920 1.0454628 0.5139320 0.5406871 0.5589932 0.4050145 0.7656292 0.5875470 0.5998698 0.5223694 0.5255201 0.5857739 0.6500799 0.5402159 0.6030951 0.6510685 0.5014411 0.6161424 0.5203933 0.5519438 0.5044618 0.4327951 0.3877151 0.4446790 0.6139203 0.5704603 0.6577216 0.6577216 0.6501104 0.4521119 0.4727001 0.4721840 0.3679029 0.3878631 0.3819448 
Boletaceae_012    0.6319581 0.8963794 0.4095209 0.4553118 0.4904066 0.5431131 0.5659651 0.5503946 0.5641352 0.5694533 0.6632750 0.0000000 0.8901232 0.4452928 0.5627142 0.5427256 0.5456571 0.5432014 0.5236842 0.4644673 0.6809361 0.4149179 0.8446531 0.4765524 0.4444791 0.5785923 0.5896964 0.6342667 0.7329642 0.5894784 0.7166957 0.6453345 0.4822657 0.5516059 0.6218263 0.4123512 0.5050269 0.5478384 0.5109385 0.4413207 0.6293672 0.6623546 0.6676113 0.6960122 0.5206602 0.5653587 0.5653587 0.4748552 0.6283396 0.8003848 0.6847086 0.5377697 0.4475655 0.4149179 0.7565809 0.5783728 0.3974727 0.4293008 0.5509948 0.6455697 0.4414074 0.6621907 0.6194705 0.6074669 0.4786307 1.2742012 0.4970506 0.4238303 1.1353488 0.6625169 0.5503946 0.4644396 0.4905405 0.4672185 0.6781434 0.5124387 0.5377445 0.5821562 0.5928020 0.6427860 0.8083097 0.7237652 0.4686049 0.4371336 0.3503205 0.7834994 0.7647999 0.3430708 0.5003273 0.5925622 0.8187401 0.4136092 0.4419895 0.6154978 0.4886093 0.5900617 0.3348522 0.5206532 0.5780162 0.5268082 0.5468656 0.6233301 0.5345359 0.5852082 0.5416788 1.1477494 0.4681201 0.6068520 0.7068626 0.5476758 0.7457470 0.8080181 0.8468474 0.5792043 0.6025604 0.7088055 0.6914198 0.5660760 0.5585249 0.5921384 0.4638721 0.5813462 0.5096611 0.6175411 0.5424016 0.6059669 0.4781617 0.5245593 0.5693980 0.6490596 0.5411776 0.5411776 0.5484562 0.6032870 0.5961832 0.4212075 0.3850470 0.4045204 0.4262267 
Boletaceae_013    0.5706206 0.7388177 0.3897896 0.4950445 0.4766646 0.5320566 0.5270266 0.5387375 0.5489012 0.6330380 0.7391973 0.8901232 0.0000000 0.4921899 0.5500306 0.4359384 0.4946556 0.4925902 0.5197366 0.4646296 0.5103639 0.5500228 0.7322383 0.4595716 0.6997776 0.7453028 0.5870619 0.5240289 0.6067568 0.7347525 0.6603195 0.5841858 0.4377422 0.7055978 0.5161566 0.4864146 0.4728510 0.5701704 0.3831754 0.5342299 0.5680437 0.4738208 0.5754000 0.6011264 0.4064904 0.5589377 0.5589377 0.6158269 0.7011773 0.9338060 0.5890642 0.5454711 0.4616087 0.5500228 0.6261216 0.4681584 0.4596123 0.4588954 0.5977082 0.5799515 0.6155343 0.5871298 0.6975092 0.6243007 0.5382691 1.4338250 0.4970473 0.3094361 0.9108921 0.6800923 0.5387375 0.4172454 0.5033188 0.4505554 0.6434887 0.5296439 0.7226556 0.7829895 0.7897794 0.6534915 0.6858969 0.5539861 0.4146876 0.3365836 0.4115944 0.7653621 0.7867384 0.4530124 0.5971032 0.4857683 0.9771849 0.5105352 0.4500894 0.3851558 0.5723204 0.5473746 0.2299314 0.3855800 0.5470633 0.6553557 0.5677073 0.5722664 0.5662542 0.5277943 0.5773512 1.2070301 0.6055480 0.4937935 0.6115872 0.5425508 0.7387307 0.9336568 0.9781044 0.5809988 0.6522908 0.6723780 0.7134962 0.7109907 0.6483842 0.6692521 0.6637188 0.6425774 0.7802169 0.5428055 0.6342556 0.5645769 0.4799952 0.4694411 0.8428336 0.5212425 0.7127452 0.7127452 0.7047524 0.5450648 0.5505702 0.4069243 0.3382896 0.3543658 0.3892455 
Boletaceae_014    0.2897556 0.4467757 0.1669690 0.1625204 0.1488416 0.2099789 0.2194821 0.2137141 0.2943732 0.3132176 0.3797377 0.4452928 0.4921899 0.0000000 0.2193783 0.2861434 0.1729567 0.1723992 0.2053303 0.1171476 0.2484931 0.2087915 0.4508293 0.2811922 0.2896220 0.3299170 0.3442983 0.2579197 0.3674364 0.3502306 0.3863028 0.3406593 0.1705620 0.3106618 0.3411181 0.1138936 0.3462996 0.2752346 0.2757619 0.1208718 0.3840867 0.4026702 0.4092671 0.3758236 0.1741490 0.2399693 0.2399693 0.2273465 0.3011892 0.4662167 0.3780022 0.2830009 0.1553586 0.2087915 0.3560895 0.2859906 0.0576868 0.1460890 0.1961259 0.3544845 0.3104598 0.2716968 0.2868746 0.3457754 0.2010106 1.0512790 0.1236316 0.0801061 0.7952917 0.2892032 0.2137141 0.1421790 0.1787703 0.1128792 0.3182274 0.1990630 0.3692252 0.3791336 0.3378804 0.4035498 0.4335044 0.3622373 0.1988689 0.0971059 0.0946258 0.3966318 0.3613952 0.2260174 0.2183299 0.2226440 0.6227372 0.1947376 0.1278947 0.2473936 0.2054835 0.2496804 0.1251719 0.2784222 0.2615517 0.1684505 0.2202770 0.3612855 0.3106586 0.2618197 0.2193013 0.6796935 0.2925881 0.3029523 0.3893685 0.2539696 0.4019001 0.5649810 0.6029334 0.2383836 0.3473271 0.4577749 0.2985864 0.3707362 0.3209701 0.3771120 0.2888039 0.3086169 0.3449497 0.3650718 0.3000611 0.2698607 0.1736321 0.1821628 0.3632066 0.3050826 0.3281197 0.3281197 0.3236629 0.2277535 0.2629526 0.2091663 0.1675916 0.1805581 0.2020916 
Boletaceae_015    0.3123289 0.4760872 0.2577552 0.2039078 0.2429903 0.0041435 0.0021903 0.0020653 0.3262818 0.3862542 0.4151700 0.5627142 0.5500306 0.2193783 0.0000000 0.2695004 0.2579191 0.2569599 0.3546528 0.1934309 0.3417641 0.2908478 0.5070799 0.2480476 0.4351237 0.3786170 0.3887974 0.3030449 0.4791172 0.4011004 0.4866479 0.3312333 0.2492212 0.3608510 0.3445456 0.2075232 0.3785737 0.1873171 0.3283753 0.2165395 0.3690671 0.3628002 0.4596965 0.3259273 0.3085816 0.2840850 0.2840850 0.3026301 0.4151545 0.3936401 0.4066739 0.3829548 0.2745766 0.2908478 0.4216763 0.3451896 0.2480443 0.2053938 0.2840855 0.3063165 0.2533004 0.3339406 0.1564072 0.2907267 0.3639345 1.0186261 0.2084675 0.2292196 0.7856737 0.4196877 0.0020653 0.2358350 0.2234540 0.1920189 0.3583487 0.2618542 0.3760570 0.3719140 0.3014140 0.2982135 0.4994982 0.4139896 0.2843466 0.2428581 0.1581836 0.3447353 0.3440639 0.1662615 0.3372470 0.2368739 0.6884072 0.2616221 0.1889157 0.2608190 0.3405923 0.2656863 0.2218519 0.3308865 0.2005903 0.2623803 0.3450127 0.3831050 0.3537529 0.3177724 0.2480736 0.7120291 0.2475809 0.3036398 0.2871414 0.1960305 0.5225756 0.6133715 0.6801368 0.3545238 0.3608538 0.4248225 0.3365301 0.3747299 0.3021287 0.3717654 0.3583796 0.3739854 0.3391379 0.4582937 0.3190545 0.2089623 0.2310990 0.2085433 0.3576884 0.3589493 0.3349163 0.3349163 0.3397734 0.2943902 0.2967737 0.2716019 0.2284380 0.3304392 0.3106241 
Boletaceae_016    0.4357652 0.7347135 0.2324832 0.3479803 0.3898955 0.2604295 0.2777542 0.2695004 0.3382528 0.4186904 0.4867831 0.5427256 0.4359384 0.2861434 0.2695004 0.0000000 0.3930605 0.3930605 0.3316475 0.3493372 0.4558506 0.1715925 0.6801710 0.2596862 0.4488559 0.3893819 0.3262482 0.2651447 0.5294942 0.3927382 0.5368358 0.3600445 0.3783437 0.3583607 0.4373418 0.2717436 0.2405449 0.3280417 0.2446366 0.3652012 0.5115664 0.4339247 0.5652142 0.5041995 0.3316862 0.3996152 0.3996152 0.4033545 0.4525845 0.6901410 0.2541495 0.3858170 0.2482711 0.1715925 0.4166900 0.1139913 0.2176397 0.3015132 0.3835027 0.4713662 0.3922583 0.4142433 0.4276069 0.2902375 0.2323778 0.9731133 0.2591449 0.1513913 0.9478538 0.5969810 0.2695004 0.2171883 0.2045421 0.3398484 0.4988042 0.3498380 0.4832491 0.5263015 0.5360031 0.4812123 0.6146847 0.4870361 0.1731599 0.1736551 0.3202957 0.4962843 0.5563232 0.3268830 0.3551616 0.2634484 0.4404579 0.4343469 0.3492251 0.4098823 0.3897183 0.3064417 0.1610639 0.2446366 0.3274972 0.4137568 0.4047516 0.3885163 0.3669720 0.2970983 0.4259262 0.4075387 0.4075387 0.3940142 0.5606980 0.2994434 0.4452890 0.4425141 0.4425141 0.5139292 0.5473994 0.8166700 0.5561830 0.4631738 0.4631738 0.8166700 0.4253528 0.4872345 0.5384426 0.2593356 0.4355748 0.3512176 0.3561081 0.3117680 0.3851379 0.4117223 0.4599466 0.4599466 0.4599466 0.3871652 0.3931349 0.2238422 0.1239430 0.1594570 0.1653383 
Boletaceae_017    0.4289197 0.6475831 0.1976950 0.1682585 0.1839095 0.2495977 0.2503220 0.2503220 0.3422188 0.3086232 0.4609492 0.5456571 0.4946556 0.1729567 0.2579191 0.3930605 0.0000000 0.0000010 0.2728161 0.1351518 0.3375603 0.2665876 0.4409371 0.2763389 0.2960675 0.3255608 0.3392980 0.3184084 0.4022589 0.3932591 0.3948837 0.4123870 0.1745744 0.3255608 0.3169751 0.1683460 0.3927196 0.2561469 0.3514547 0.1863124 0.4358192 0.4227863 0.3975156 0.3964898 0.2023282 0.3003039 0.3003039 0.3414312 0.3653656 0.7731350 0.3266014 0.3451076 0.2021496 0.2665876 0.4540059 0.3354047 0.1527608 0.1722472 0.2698497 0.3829028 0.3968401 0.2581626 0.3569752 0.3856280 0.2340701 1.1234134 0.1916225 0.1197115 0.7587499 0.3478066 0.2503220 0.1888783 0.2144338 0.1315179 0.3808669 0.2231682 0.3395245 0.3242227 0.3982858 0.3992741 0.4409371 0.3463252 0.2497404 0.1567504 0.1750105 0.5120078 0.4377064 0.2580748 0.2215141 0.2561508 0.6531835 0.2463597 0.1737739 0.2732394 0.2492735 0.2675082 0.1934399 0.3514547 0.2712493 0.3318541 0.2685784 0.4865833 0.4381032 0.3441264 0.2653168 0.7050717 0.2653998 0.4099157 0.4388792 0.2561469 0.5053822 0.6546070 0.6546070 0.2533478 0.3481402 0.4016086 0.2778166 0.3799155 0.3177412 0.4100599 0.3009044 0.3306297 0.3102559 0.4178355 0.3376171 0.2719709 0.1699498 0.2007676 0.3926832 0.4153868 0.3891877 0.3891877 0.3882901 0.3036191 0.3259172 0.2066221 0.1780031 0.1704636 0.1992162 
Boletaceae_018    0.4272181 0.6446389 0.1969688 0.1676987 0.1833060 0.2486772 0.2493982 0.2493982 0.3409394 0.3074824 0.4609492 0.5432014 0.4925902 0.1723992 0.2569599 0.3930605 0.0000010 0.0000000 0.2718746 0.1347217 0.3363027 0.2655907 0.4390363 0.2753377 0.2949232 0.3243488 0.3380216 0.3184084 0.4006909 0.3916895 0.3933158 0.4107517 0.1740092 0.3243488 0.3158039 0.1683460 0.3927196 0.2561469 0.3498565 0.1856968 0.4358192 0.4227863 0.3959345 0.3948741 0.2016657 0.2991920 0.2991920 0.3401574 0.3639697 0.7731350 0.3253590 0.3436772 0.2013930 0.2655907 0.4540059 0.3340321 0.1522155 0.1716737 0.2688901 0.3813649 0.3968401 0.2572506 0.3556125 0.3841348 0.2332300 1.1164429 0.1909746 0.1191991 0.7540629 0.3464889 0.2493982 0.1881819 0.2136895 0.1310997 0.3808669 0.2223654 0.3395245 0.3242227 0.4030119 0.3977151 0.4390363 0.3450128 0.2497404 0.1561493 0.1750105 0.5097858 0.4359241 0.2580748 0.2215141 0.2551750 0.6499573 0.2455005 0.1731919 0.2722178 0.2483898 0.2665580 0.1934399 0.3498565 0.2702813 0.3318541 0.2675917 0.4865833 0.4363264 0.3427847 0.2643747 0.7050717 0.2653998 0.4083185 0.4388792 0.2552388 0.5032018 0.6546070 0.6513716 0.2524500 0.3481402 0.3998526 0.2768439 0.3783421 0.3165462 0.4082835 0.2997492 0.3293911 0.3091096 0.4160613 0.3363420 0.2709990 0.1694002 0.2000037 0.3910939 0.4136937 0.3876748 0.3876748 0.3867810 0.3036191 0.3246989 0.2066221 0.1780031 0.1696761 0.1982707 
Boletaceae_019    0.3807074 0.5673751 0.1971657 0.1845719 0.2384632 0.3420939 0.3454289 0.3468423 0.3962046 0.3843643 0.4850238 0.5236842 0.5197366 0.2053303 0.3546528 0.3316475 0.2728161 0.2718746 0.0000000 0.1896352 0.3510068 0.2620054 0.5678760 0.2769912 0.3390609 0.3907026 0.3478476 0.3254423 0.3874090 0.4045497 0.3957414 0.4483781 0.2167450 0.3687762 0.4336854 0.1746935 0.4568973 0.3375897 0.3009498 0.1956646 0.4090991 0.5047956 0.4337668 0.3591313 0.2209425 0.3029313 0.3029313 0.3605200 0.3835042 0.8121686 0.4400277 0.3916089 0.2271163 0.2620054 0.4289273 0.3253798 0.1577206 0.1777109 0.3068099 0.3345291 0.3608151 0.2907349 0.3935764 0.4389511 0.2792473 1.0499620 0.1945126 0.0915061 0.8300896 0.3500313 0.3468423 0.1649374 0.2448467 0.1837283 0.3969119 0.3084119 0.4150760 0.4616390 0.3694140 0.4113822 0.5471596 0.3669145 0.2758519 0.1337762 0.2240728 0.4851456 0.5055513 0.2910271 0.2967873 0.3058848 0.6821924 0.2349274 0.1904032 0.2978216 0.3192135 0.3353631 0.1696213 0.3035557 0.3326797 0.3203705 0.3017107 0.4948228 0.4222934 0.3759214 0.3065557 0.8922759 0.3855186 0.3785818 0.4804133 0.3225451 0.5896590 0.6074731 0.6541150 0.2895992 0.4661948 0.3938824 0.3155292 0.5237339 0.3886761 0.3826554 0.4560849 0.3987013 0.3574955 0.4758122 0.3866940 0.3429177 0.2266080 0.2563179 0.4679379 0.3669987 0.3593261 0.3593261 0.3586217 0.3278499 0.3910152 0.1865951 0.1707703 0.1721917 0.1911883 
Boletaceae_020    0.2730635 0.4338269 0.1563461 0.0800769 0.1160237 0.1845083 0.1924381 0.1881110 0.2572520 0.2982160 0.4484253 0.4644673 0.4646296 0.1171476 0.1934309 0.3493372 0.1351518 0.1347217 0.1896352 0.0000000 0.2480167 0.1636892 0.4319650 0.2079024 0.2625911 0.3489210 0.3232071 0.2250920 0.3827190 0.3839605 0.3969820 0.3245639 0.1106742 0.3284112 0.2993944 0.0709636 0.3444060 0.2078758 0.1996200 0.0861314 0.3007908 0.3302072 0.3956036 0.3370653 0.1286432 0.2398066 0.2398066 0.2087344 0.2835245 0.3875267 0.3465323 0.3135772 0.1428206 0.1636892 0.3140805 0.2683433 0.1002127 0.0768501 0.2138980 0.3245217 0.2680551 0.2312470 0.2835311 0.3170561 0.2409382 0.9274126 0.0879666 0.0601064 0.7223448 0.2887201 0.1881110 0.1225341 0.1637298 0.0019909 0.3091125 0.1890741 0.3643788 0.3663432 0.3668780 0.3818974 0.4157094 0.3249550 0.1980771 0.0624124 0.0792999 0.4444142 0.4224836 0.2034202 0.2106130 0.2042708 0.5830105 0.1133245 0.0666083 0.2165312 0.2222994 0.2226731 0.1239374 0.2045737 0.2066467 0.1741687 0.2458366 0.3184224 0.3068353 0.2616928 0.1781354 0.5570350 0.1984226 0.2679093 0.3634776 0.2083958 0.3833846 0.5338939 0.5651600 0.1856667 0.3587831 0.4169239 0.2938772 0.3325421 0.2803774 0.3672800 0.2390304 0.2966787 0.3084159 0.3673117 0.2524934 0.2131214 0.1145933 0.1506416 0.3462663 0.2799099 0.2796344 0.2796344 0.2796344 0.1862274 0.2748314 0.1712339 0.1097117 0.1555740 0.1688752 
Boletaceae_021    0.3779864 0.5921714 0.2223716 0.2474896 0.2717272 0.3293175 0.3370585 0.3340380 0.4181259 0.4059035 0.5047714 0.6809361 0.5103639 0.2484931 0.3417641 0.4558506 0.3375603 0.3363027 0.3510068 0.2480167 0.0000000 0.2455798 0.5426011 0.3184174 0.3828279 0.4119258 0.4200536 0.3502870 0.4235547 0.4179464 0.4524277 0.4589326 0.2782978 0.3890873 0.4061697 0.2635428 0.4305609 0.3470701 0.2503530 0.2420003 0.4042864 0.4725021 0.4531884 0.4594699 0.3053065 0.2314531 0.2314531 0.3893044 0.4004931 0.6234029 0.4482518 0.3915693 0.2340885 0.2455798 0.4324196 0.3852121 0.2319478 0.2359744 0.3381351 0.4281455 0.3211885 0.3747631 0.4448117 0.3753608 0.3210159 1.1659089 0.2674063 0.1374705 0.7235448 0.4539745 0.3340380 0.1954372 0.3104120 0.2428039 0.3889005 0.2996266 0.4971271 0.5326870 0.4155053 0.4506900 0.5128676 0.4705857 0.3342300 0.1416120 0.2553025 0.5459256 0.5720704 0.3128038 0.2459959 0.2684647 0.6439398 0.2925371 0.2216430 0.2455335 0.3737997 0.3072255 0.1217975 0.2447606 0.3156717 0.2688714 0.3145996 0.3684714 0.3594559 0.3142613 0.3022284 0.7104641 0.3100608 0.3804387 0.4381513 0.3236072 0.4540468 0.6216232 0.6337792 0.3361329 0.4654165 0.5323568 0.3367477 0.4152388 0.3517029 0.4540455 0.4030172 0.3979268 0.4317524 0.4656232 0.4086366 0.3240252 0.2568070 0.2041893 0.4941942 0.3757403 0.3970902 0.3970902 0.4022829 0.2604096 0.3105581 0.2290685 0.1520001 0.1886717 0.2162781 
Boletaceae_022    0.3315554 0.4981000 0.2306075 0.1484504 0.2084836 0.2787235 0.2900685 0.2833868 0.2888259 0.3464716 0.4214035 0.4149179 0.5500228 0.2087915 0.2908478 0.1715925 0.2665876 0.2655907 0.2620054 0.1636892 0.2455798 0.0000000 0.4207622 0.2559125 0.3024928 0.3661097 0.3439030 0.3172448 0.3710691 0.3785790 0.3902655 0.3774152 0.1850601 0.3428969 0.3773074 0.1247890 0.2772828 0.2316283 0.2418494 0.1583978 0.3224069 0.3774705 0.4189601 0.3919446 0.2373502 0.2056551 0.2056551 0.2088232 0.3237770 0.5810419 0.3362776 0.3966529 0.2580142 0.0000010 0.3372407 0.2613513 0.2060429 0.1446529 0.2591771 0.3612790 0.2264663 0.2801530 0.2940868 0.3124325 0.2705465 0.9422007 0.1566334 0.1148368 0.7737529 0.3524987 0.2833868 0.1273634 0.2277445 0.1577555 0.3760231 0.2546257 0.3352396 0.3555218 0.3448265 0.4384677 0.3990182 0.4408714 0.2642866 0.1165842 0.1364036 0.4303448 0.4209881 0.1705009 0.2246514 0.2580686 0.6458273 0.2116770 0.1326307 0.2429014 0.2697598 0.2208023 0.1426736 0.2446287 0.2384582 0.2203046 0.2410817 0.3366564 0.2686378 0.3083191 0.2499860 0.5889669 0.1893632 0.3025816 0.3876421 0.2307807 0.3950645 0.5785869 0.6270598 0.2446859 0.3498124 0.4687770 0.3321766 0.3054121 0.2706643 0.4294605 0.2675173 0.3025911 0.3149926 0.3263292 0.2631899 0.2471377 0.1743716 0.1638206 0.3483614 0.3362484 0.2907786 0.2907786 0.2954949 0.2819272 0.3306443 0.2354711 0.1316717 0.1718018 0.2102181 
Boletaceae_023    0.6302887 0.8538294 0.2981296 0.4676750 0.5323285 0.4893254 0.4877380 0.4959285 0.6451793 0.6093515 0.7279807 0.8446531 0.7322383 0.4508293 0.5070799 0.6801710 0.4409371 0.4390363 0.5678760 0.4319650 0.5426011 0.4207622 0.0000000 0.4884688 0.5333250 0.5725226 0.5305481 0.5330230 0.5671417 0.5762642 0.5970054 0.6591732 0.4471851 0.5617081 0.6236014 0.4692669 0.5405701 0.5264267 0.3352860 0.4460383 0.5933904 0.6596080 0.6025599 0.3598199 0.3900749 0.4837205 0.4837205 0.5626560 0.5728012 1.4926889 0.6017800 0.3409208 0.3698855 0.4207622 0.5580729 0.5457702 0.2891589 0.4676750 0.5197673 0.3482922 0.4598071 0.5330957 0.6154503 0.5670887 0.3608260 1.0528600 0.4971757 0.3241540 0.8224095 0.6232412 0.4959285 0.2862436 0.4528740 0.4509895 0.6079589 0.4288308 0.4806397 0.4763969 0.5576505 0.6178527 0.0000010 0.6237420 0.4558401 0.3089052 0.4923568 0.6854675 0.7198458 0.3684293 0.4394478 0.3419033 0.7237203 0.4959546 0.4637649 0.4829080 0.4765333 0.5393025 0.1909772 0.3382822 0.5693667 0.6926480 0.4768042 0.6858074 0.4753536 0.5254963 0.6006898 1.0654676 0.5047576 0.6267122 0.5044506 0.5752655 0.7928417 0.6802128 0.7006593 0.5482154 0.4531924 0.6255309 0.4860454 0.5923900 0.5880674 0.6875076 0.5263211 0.5773033 0.5996284 0.5730418 0.4655893 0.5933840 0.4369987 0.4691139 0.5896119 0.5086318 0.6656445 0.6656445 0.6575833 0.6185306 0.5762034 0.2818218 0.3048903 0.3190013 0.3046707 
Boletaceae_024    0.4144944 0.5807735 0.2061913 0.1939299 0.1844435 0.2459695 0.2506456 0.2418523 0.4089827 0.3201314 0.5162746 0.4765524 0.4595716 0.2811922 0.2480476 0.2596862 0.2763389 0.2753377 0.2769912 0.2079024 0.3184174 0.2559125 0.4884688 0.0000000 0.2848390 0.3337350 0.3167127 0.3138451 0.3843691 0.3555545 0.3885134 0.4127902 0.2765372 0.3141809 0.3047277 0.2136345 0.3573966 0.2173416 0.2241332 0.2343559 0.3534527 0.3586480 0.4594040 0.4198912 0.2659368 0.2783050 0.2783050 0.3117533 0.4521718 0.4366036 0.3731745 0.3284488 0.2323724 0.2559125 0.3659403 0.2618859 0.2334594 0.1814246 0.2861521 0.3889292 0.2484537 0.3447847 0.3212085 0.2953477 0.3276558 0.7950711 0.2459690 0.1735109 0.7759224 0.4312945 0.2418523 0.1900512 0.2306036 0.2013582 0.4219003 0.2272383 0.3344665 0.3436764 0.3549224 0.4160165 0.4688144 0.4277046 0.2645720 0.1441897 0.2144844 0.4991961 0.4816162 0.2071407 0.2592035 0.2493094 0.6741052 0.2430664 0.1846742 0.2980784 0.3144109 0.2695771 0.1196211 0.2164077 0.2160589 0.3135171 0.2951180 0.3419545 0.3365927 0.2649210 0.3032886 0.7520877 0.2758442 0.3715425 0.4028913 0.2135979 0.4642209 0.6378934 0.6557849 0.3117660 0.4409445 0.4334643 0.4100221 0.4370801 0.2723070 0.3218196 0.3416718 0.3054777 0.3479773 0.4056077 0.3088970 0.2270276 0.2288036 0.2433014 0.3695453 0.3257191 0.3637619 0.3637619 0.3686581 0.3349070 0.4350577 0.2358658 0.1807334 0.1783210 0.1903866 
Boletaceae_025    0.4490906 0.6449182 0.3043524 0.2222576 0.2664955 0.4200737 0.3986426 0.4256983 0.4222773 0.4184926 0.5906819 0.4444791 0.6997776 0.2896220 0.4351237 0.4488559 0.2960675 0.2949232 0.3390609 0.2625911 0.3828279 0.3024928 0.5333250 0.2848390 0.0000000 0.4087365 0.3911623 0.3961931 0.5285845 0.4560022 0.5370392 0.4917192 0.3224036 0.4042431 0.4142495 0.2339384 0.4253851 0.2593289 0.3475005 0.2531624 0.5236316 0.5193553 0.5281491 0.4789244 0.3400998 0.3546730 0.3546730 0.3565685 0.3791253 0.8196244 0.4448989 0.4974017 0.2908669 0.3024928 0.5418136 0.3786057 0.2411543 0.2277309 0.3411522 0.4387032 0.3269011 0.3751916 0.4026862 0.4418649 0.3316815 1.0900217 0.2525404 0.1894905 0.8141847 0.4488321 0.4256983 0.2692848 0.2814866 0.2626880 0.4833806 0.3707436 0.3445935 0.3694208 0.4404314 0.4707726 0.5579364 0.6157557 0.3833107 0.1769966 0.2419862 0.6318261 0.5737072 0.3640862 0.2924425 0.3256144 0.6665544 0.2630929 0.2227052 0.3571986 0.3866173 0.3750582 0.2404564 0.3364718 0.2843011 0.3089067 0.4000075 0.4243385 0.4148978 0.3825190 0.3518181 0.8136860 0.3573109 0.4228333 0.4740939 0.2840117 0.5761143 0.6205516 0.6391780 0.3647590 0.4459911 0.5392361 0.4001088 0.4559591 0.3665632 0.4695883 0.3491879 0.3570427 0.3747342 0.4800887 0.3553453 0.2777888 0.2873775 0.3071191 0.4094106 0.4379932 0.4344587 0.4344587 0.4402232 0.3355067 0.3992501 0.2871048 0.2431217 0.2486701 0.2530318 
Boletaceae_026    0.5424336 0.7192220 0.2890513 0.2995919 0.3570747 0.3650987 0.3606637 0.3701883 0.4756452 0.1682375 0.6093694 0.5785923 0.7453028 0.3299170 0.3786170 0.3893819 0.3255608 0.3243488 0.3907026 0.3489210 0.4119258 0.3661097 0.5725226 0.3337350 0.4087365 0.0000000 0.5105662 0.3434682 0.5724154 0.0342826 0.5421596 0.4416471 0.3760363 0.0079589 0.4666513 0.3218926 0.4750700 0.3538760 0.3886544 0.3347722 0.5340936 0.5573664 0.4829481 0.4726210 0.3578005 0.3677425 0.3677425 0.4506731 0.5269043 0.7197941 0.5647189 0.4340123 0.3058921 0.3661097 0.4840495 0.4133036 0.2642516 0.2929082 0.3740498 0.4559110 0.3508810 0.3979443 0.4237980 0.5067943 0.3024529 1.1303963 0.3460670 0.2409429 0.8874223 0.4702873 0.3701883 0.3274063 0.3137022 0.3385893 0.4646238 0.3365533 0.3906470 0.4297784 0.4174858 0.4943094 0.5712496 0.5532190 0.3804649 0.2230341 0.3270543 0.5959660 0.5008455 0.2589260 0.3496309 0.3353803 0.7675097 0.3945005 0.2778056 0.3925510 0.3727184 0.3638558 0.1986824 0.3910591 0.3802674 0.4205928 0.3871066 0.4709437 0.4482170 0.3479818 0.4079279 0.9613034 0.4353659 0.4887477 0.5169282 0.3734972 0.5931109 0.7045074 0.7472556 0.4531069 0.4765180 0.4651975 0.4286100 0.4897160 0.4256619 0.5064564 0.4103002 0.4361438 0.3706373 0.5453447 0.3982493 0.3920012 0.3045063 0.2888306 0.4901927 0.3892607 0.5636922 0.5636922 0.5705848 0.3956973 0.4600365 0.2851235 0.2628952 0.2296665 0.2706823 
Boletaceae_027    0.4043542 0.6355580 0.2772541 0.2819128 0.3207471 0.3754181 0.3754392 0.3804472 0.4265297 0.4278826 0.6196733 0.5896964 0.5870619 0.3442983 0.3887974 0.3262482 0.3392980 0.3380216 0.3478476 0.3232071 0.4200536 0.3439030 0.5305481 0.3167127 0.3911623 0.5105662 0.0000000 0.3333862 0.4358335 0.5225198 0.4053538 0.4530982 0.3421980 0.4885875 0.4364585 0.3564397 0.4050263 0.3236970 0.3178769 0.3294729 0.4395163 0.5189579 0.5258304 0.4561679 0.4091422 0.3901351 0.3901351 0.4551650 0.4523488 0.7653965 0.4803749 0.4076156 0.3394360 0.3439030 0.5530281 0.3497059 0.2635472 0.2916079 0.3714114 0.4176902 0.3813539 0.3500212 0.4770012 0.3903150 0.3683602 1.1453711 0.3461041 0.2237443 0.6986671 0.4724450 0.3804472 0.2541917 0.3138870 0.3272389 0.4122404 0.2997677 0.4474509 0.4605117 0.4184625 0.5160757 0.5403630 0.5518935 0.3693318 0.2534217 0.2863731 0.5333022 0.5871289 0.3266038 0.3100280 0.2675524 0.7647576 0.3656932 0.3128376 0.3670424 0.4392488 0.3687786 0.1741411 0.3204535 0.3292212 0.4083669 0.3718162 0.4273064 0.3999526 0.2980965 0.4925000 0.8352516 0.3755049 0.4029139 0.5082493 0.3333314 0.5220470 0.6803901 0.7309997 0.4019903 0.4015963 0.5538316 0.4383929 0.4194248 0.3814217 0.4972972 0.4730818 0.4465810 0.4477552 0.4702892 0.4711919 0.3324835 0.3608419 0.3124253 0.4861095 0.3932544 0.5237651 0.5237651 0.5236928 0.4343884 0.4490528 0.2824578 0.2761010 0.3075212 0.3161093 
Boletaceae_028    0.3603262 0.5367369 0.2419402 0.1857229 0.2705416 0.2906085 0.3042081 0.2953725 0.4058736 0.3474375 0.5343802 0.6342667 0.5240289 0.2579197 0.3030449 0.2651447 0.3184084 0.3184084 0.3254423 0.2250920 0.3502870 0.3172448 0.5330230 0.3138451 0.3961931 0.3434682 0.3333862 0.0000000 0.4527700 0.3529191 0.4699809 0.3815404 0.2518072 0.3218176 0.4013100 0.2348411 0.4079025 0.2775430 0.3458906 0.2544675 0.3208630 0.3893094 0.4102689 0.3902744 0.2753339 0.2976179 0.2976179 0.3009568 0.3222145 0.5880547 0.3709010 0.2987838 0.2981167 0.3172448 0.3565052 0.3529409 0.2321677 0.1725528 0.2998623 0.3730762 0.3123481 0.3819473 0.3765175 0.3482953 0.2981322 1.0441366 0.2425587 0.2113991 0.6717508 0.4047609 0.2953725 0.2631883 0.2597156 0.2187964 0.2878306 0.2679623 0.3768343 0.3887020 0.4124389 0.5013211 0.5013175 0.4507266 0.2997799 0.2195925 0.1683384 0.3985533 0.3946595 0.2180880 0.3055586 0.3438211 0.5910160 0.2605029 0.2064156 0.2880675 0.3040651 0.2787285 0.1836583 0.3414994 0.2775604 0.2296515 0.3037760 0.3473816 0.3051373 0.3354761 0.3364586 0.7143727 0.2540035 0.3289190 0.4506439 0.2891445 0.4486406 0.5740469 0.5796524 0.3775594 0.3630714 0.4203968 0.3584670 0.4353991 0.3685827 0.4159382 0.3411336 0.3957126 0.4179172 0.4454351 0.3349482 0.2940865 0.2618522 0.2106446 0.4483764 0.3335903 0.4879283 0.4879283 0.4947071 0.2677571 0.3565492 0.2185626 0.2037156 0.2605048 0.3183485 
