7
sd_119|ITS|PV165834.1       0.0000000 0.2809931 0.3232592 0.3907769 0.3907769 0.3899666 0.3899666 
bpi_925449|ITS|PP830801.1   0.2809931 0.0000000 0.0343022 0.2279077 0.2279077 0.2318258 0.2318258 
bpi_925448|ITS|PP830800.1   0.3232592 0.0343022 0.0000000 0.2977803 0.2977803 0.3035973 0.3035973 
vies                        0.3907769 0.2279077 0.2977803 0.0000000 0.0000010 0.0131746 0.0131746 
vies_9901384|ITS|OM068911.1 0.3907769 0.2279077 0.2977803 0.0000010 0.0000000 0.0131746 0.0131746 
th9549|ITS|KT339205.1       0.3899666 0.2318258 0.3035973 0.0131746 0.0131746 0.0000000 0.0000010 
th8929|ITS|JN168776.1       0.3899666 0.2318258 0.3035973 0.0131746 0.0131746 0.0000010 0.0000000 
