72
hkas132317_cyanoboletus_fagaceophilus|ITS|PV695610.1         0.0000000 0.1854591 0.2144546 0.2144546 0.1830119 0.2066155 0.1854591 0.1306042 0.3041079 0.1876162 0.2581971 0.1306042 0.1306042 0.1758835 0.1869066 0.1908587 0.2323877 0.0000010 0.1758835 0.2067430 0.2067430 0.1306042 0.1306042 0.0000010 0.2066155 0.1594217 0.1830119 0.2073717 0.1854591 0.1525031 0.2144546 0.1309162 0.1310624 0.1306042 0.1306042 0.1310624 0.1830119 0.2071892 0.2073717 0.2163973 0.1632811 0.1729839 0.1632811 0.2067430 0.1487388 0.1397032 0.2066155 0.2066155 0.1384684 0.1544332 0.1383279 0.2966111 0.2144546 0.1785921 0.0000010 0.2034322 0.2144546 0.2152541 2.6417235 0.1785921 0.2144546 0.2144546 0.1830119 0.1830119 0.1836858 0.2144546 0.2553439 0.2144546 0.1799401 0.2596856 0.2066155 0.2066155 
miss0098810|ITS|PV694398.1                                   0.1854591 0.0000000 0.4129322 0.4101326 0.2966634 0.3859216 0.0000010 0.2958826 0.4209093 0.3514694 0.4304197 0.2955991 0.3019182 0.3483125 0.3426305 0.3442631 0.4790347 0.3275135 0.3483125 0.3891114 0.3891114 0.2889775 0.3038028 0.3275135 0.3859216 0.1959756 0.2901137 0.3556063 0.0000029 0.2431661 0.4101326 0.2797357 0.2941780 0.2958826 0.3014024 0.2691001 0.2901137 0.3869791 0.3871135 0.3933297 0.2132979 0.2201436 0.2071310 0.3855117 0.2180547 0.2044378 0.3859216 0.3846232 0.1836495 0.3152092 0.1913325 0.3758107 0.3947657 0.3526687 0.3288785 0.3764351 0.4176269 0.4114054 2.1004563 0.3526687 0.4222927 0.4222927 0.2855898 0.2941097 0.2989551 0.4087511 0.3693871 0.4087511 0.3693413 0.3735230 0.3909934 0.3861141 
hfrg_pc241026_2|ITS|PV690293.1                               0.2144546 0.4129322 0.0000000 0.0034636 0.2326718 0.0521497 0.4129322 0.1327759 0.3571539 0.0448429 0.0734256 0.1309734 0.1325356 0.0423381 0.0442543 0.0412982 0.0435582 0.3510474 0.0423381 0.0493332 0.0493332 0.1354068 0.1344375 0.3510474 0.0521497 0.0780266 0.2295669 0.0540384 0.4102635 0.0441285 0.0034636 0.1298875 0.1334801 0.1327759 0.1325367 0.1294920 0.2295669 0.0522215 0.0522701 0.0488871 0.0800572 0.0793088 0.0771368 0.0491079 0.0499856 0.0471262 0.0542013 0.0520464 0.0854069 0.1393096 0.0862988 0.0000010 0.0000010 0.1040029 0.4088278 0.0503624 0.0000010 0.0034710 1.5463512 0.1040029 0.0069937 0.0069937 0.2353074 0.2353071 0.2280454 0.0052137 0.0745629 0.0052137 0.0360632 0.0769420 0.0542912 0.0572844 
vf270922ss1|ITS|PV461258.1                                   0.2144546 0.4101326 0.0034636 0.0000000 0.2326718 0.0479130 0.4101326 0.1269505 0.3546363 0.0406184 0.0689072 0.1309734 0.1325356 0.0381878 0.0400907 0.0412982 0.0394661 0.3487554 0.0381878 0.0451905 0.0451905 0.1295498 0.1285272 0.3487554 0.0479130 0.0722539 0.2282218 0.0496346 0.4074757 0.0355301 0.0000010 0.1298875 0.1276204 0.1269505 0.1267250 0.1235311 0.2282218 0.0479782 0.0480232 0.0447855 0.0742992 0.0793088 0.0771368 0.0449868 0.0431883 0.0403276 0.0499406 0.0478192 0.0790122 0.1329079 0.0796212 0.0000010 0.0000010 0.0987027 0.4088278 0.0461287 0.0000010 0.0000010 1.5463512 0.0987027 0.0034717 0.0034717 0.2338922 0.2338924 0.2280454 0.0017247 0.0745629 0.0017247 0.0320170 0.0769420 0.0500217 0.0529139 
mb241005/01|ITS|PV413925.1                                   0.1830119 0.2966634 0.2326718 0.2326718 0.0000000 0.2058712 0.2966634 0.1261221 0.3661704 0.2061937 0.2466177 0.1233836 0.1284477 0.1906812 0.2023381 0.1911779 0.2994063 0.3278609 0.1906812 0.2102605 0.2102605 0.1234530 0.1261221 0.3278609 0.2058712 0.1203051 0.0000010 0.2034466 0.2975322 0.1028896 0.2326718 0.1117461 0.1268086 0.1261221 0.1294579 0.1141086 0.0000010 0.2063191 0.2064621 0.2148722 0.1265212 0.1340577 0.1238272 0.2086923 0.1120513 0.1000904 0.2027942 0.2052676 0.1176516 0.1930096 0.1166160 0.1880862 0.2219278 0.2116802 0.4023406 0.1996596 0.2326718 0.2333519 1.7655884 0.2116802 0.2413713 0.2413713 0.0000010 0.0000010 0.0000010 0.2366126 0.2234048 0.2366126 0.1982567 0.2268798 0.2095665 0.2173139 
omdl_inat_184805641|ITS|PP850729.1                           0.2066155 0.3859216 0.0521497 0.0479130 0.2058712 0.0000000 0.3859216 0.1307064 0.3830886 0.0516147 0.0532177 0.1348800 0.1365022 0.0488128 0.0509235 0.0524966 0.0806584 0.3429351 0.0488128 0.0474808 0.0474808 0.1307064 0.1323415 0.3429351 0.0000010 0.0877041 0.2023455 0.0000010 0.3832749 0.0000010 0.0479130 0.1242678 0.1310523 0.1307064 0.1304716 0.1243807 0.2023455 0.0000010 0.0000010 0.0471582 0.0897173 0.0953944 0.0932564 0.0472648 0.0000010 0.0000010 0.0017531 0.0017553 0.0961929 0.1501910 0.0978865 0.0513596 0.0498165 0.1020515 0.4200455 0.0000025 0.0491065 0.0480232 1.8949791 0.1020515 0.0522828 0.0522828 0.2072297 0.2072292 0.2005650 0.0458039 0.0595814 0.0458039 0.0510778 0.0619494 0.0017553 0.0053924 
omdl_inat_180267242|ITS|PP156444.1                           0.1854591 0.0000010 0.4129322 0.4101326 0.2966634 0.3859216 0.0000000 0.2958826 0.4209093 0.3514694 0.4304197 0.2955991 0.3019182 0.3483125 0.3426305 0.3442631 0.4790347 0.3275135 0.3483125 0.3891114 0.3891114 0.2889775 0.3038028 0.3275135 0.3859216 0.1959756 0.2901137 0.3556063 0.0000029 0.2431661 0.4101326 0.2797357 0.2941780 0.2958826 0.3014024 0.2691001 0.2901137 0.3869791 0.3871135 0.3933297 0.2132979 0.2201436 0.2071310 0.3855117 0.2180547 0.2044378 0.3859216 0.3846232 0.1836495 0.3152092 0.1913325 0.3758107 0.3947657 0.3526687 0.3288785 0.3764351 0.4176269 0.4114054 2.1004563 0.3526687 0.4222927 0.4222927 0.2855898 0.2941097 0.2989551 0.4087511 0.3693871 0.4087511 0.3693413 0.3735230 0.3909934 0.3861141 
vf171022cp1|ITS|PV170925.1                                   0.1306042 0.2958826 0.1327759 0.1269505 0.1261221 0.1307064 0.2958826 0.0000000 0.3361044 0.1331247 0.1814390 0.0000010 0.0000010 0.1168449 0.1309158 0.1276109 0.1868283 0.2661213 0.1168449 0.1268689 0.1268689 0.0071085 0.0017820 0.2661213 0.1307064 0.0341975 0.1250613 0.1291385 0.2933003 0.0804932 0.1269505 0.0000022 0.0000020 0.0000010 0.0000010 0.0000021 0.1250613 0.1309422 0.1310524 0.1289863 0.0362779 0.0425391 0.0375387 0.1260969 0.0899394 0.0792113 0.1280888 0.1303777 0.0342655 0.0655775 0.0360067 0.1220825 0.1295263 0.1412705 0.2712442 0.1287560 0.1307326 0.1272847 2.3122338 0.1412705 0.1331676 0.1331676 0.1278173 0.1278173 0.1190399 0.1298549 0.1824854 0.1298549 0.1244435 0.1856076 0.1336504 0.1389607 
sarwar1|ITS|OK217260.1                                       0.3041079 0.4209093 0.3571539 0.3546363 0.3661704 0.3830886 0.4209093 0.3361044 0.0000000 0.3411579 0.3973715 0.3422815 0.3490013 0.3476497 0.3319979 0.3331111 0.4256069 0.4836226 0.3476497 0.3806468 0.3806468 0.3438136 0.3415407 0.4836226 0.3830886 0.2612314 0.3565243 0.3643311 0.4209093 0.2722372 0.3546363 0.3360147 0.3298170 0.3361044 0.3424947 0.2970165 0.3565243 0.3841863 0.3843276 0.3796885 0.2844447 0.2895330 0.2910425 0.3769361 0.2479140 0.2258551 0.3790910 0.3817392 0.2755959 0.3246650 0.2617856 0.4207220 0.3624550 0.3668546 0.6200115 0.3811681 0.3604584 0.3557713 2.4994406 0.3668546 0.3662868 0.3662868 0.3563085 0.3665825 0.3609178 0.3494532 0.3604562 0.3494532 0.3545580 0.3648667 0.3883863 0.3845350 
tn201707|ITS|LC832054.1                                      0.1876162 0.3514694 0.0448429 0.0406184 0.2061937 0.0516147 0.3514694 0.1331247 0.3411579 0.0000000 0.0677764 0.1339783 0.1342319 0.0127870 0.0035737 0.0092780 0.0817479 0.3198768 0.0127870 0.0300404 0.0300404 0.1358093 0.1348246 0.3198768 0.0516147 0.0786830 0.2068576 0.0529064 0.3525593 0.0547349 0.0406184 0.1297998 0.1338447 0.1331247 0.1328800 0.1279378 0.2068576 0.0516878 0.0517374 0.0318518 0.0807278 0.0827500 0.0805746 0.0319968 0.0448684 0.0448684 0.0537224 0.0515097 0.0861995 0.1389627 0.0911656 0.0508123 0.0399766 0.0960049 0.4189516 0.0497767 0.0394087 0.0407132 1.6835229 0.0960049 0.0406184 0.0406184 0.2086077 0.2075504 0.2008911 0.0427207 0.0724451 0.0427207 0.0204205 0.0749018 0.0538138 0.0562202 
tn1601|ITS|LC832002.1                                        0.2581971 0.4304197 0.0734256 0.0689072 0.2466177 0.0532177 0.4304197 0.1814390 0.3973715 0.0677764 0.0000000 0.1875380 0.1899333 0.0734743 0.0668274 0.0734956 0.1094228 0.3993170 0.0734743 0.0845698 0.0845698 0.1814390 0.1809346 0.3993170 0.0532177 0.1112878 0.2416549 0.0529252 0.4317794 0.0275842 0.0689072 0.1821196 0.1795691 0.1814390 0.1810791 0.1726419 0.2416549 0.0532928 0.0533433 0.0862852 0.1132023 0.1198135 0.1177935 0.0841423 0.0273300 0.0276665 0.0553178 0.0531099 0.1223744 0.1669619 0.1201201 0.0913927 0.0717349 0.1337692 0.5197928 0.0513931 0.0706663 0.0690677 1.8949791 0.1337692 0.0736160 0.0736160 0.2477673 0.2477673 0.2423671 0.0666505 0.0077620 0.0666505 0.0734990 0.0097274 0.0554119 0.0584952 
ms_2|ITS|PP938743.1                                          0.1306042 0.2955991 0.1309734 0.1309734 0.1233836 0.1348800 0.2955991 0.0000010 0.3422815 0.1339783 0.1875380 0.0000000 0.0000010 0.1172839 0.1317013 0.1276109 0.1906818 0.2634784 0.1172839 0.1308877 0.1308877 0.0072822 0.0018078 0.2634784 0.1348800 0.0352756 0.1233836 0.1333630 0.2929386 0.0856050 0.1309734 0.0000022 0.0000020 0.0000010 0.0000010 0.0000021 0.1233836 0.1351319 0.1352473 0.1330616 0.0374151 0.0426099 0.0375387 0.1300631 0.0942924 0.0830339 0.1321738 0.1345295 0.0353202 0.0675537 0.0371727 0.1220825 0.1295263 0.1460870 0.2712442 0.1322139 0.1309734 0.1313280 2.3122338 0.1460870 0.1374343 0.1374343 0.1261727 0.1233836 0.1190399 0.1339872 0.1824854 0.1339872 0.1250788 0.1856076 0.1379356 0.1435067 
ms_1|ITS|PP938742.1                                          0.1306042 0.3019182 0.1325356 0.1325356 0.1284477 0.1365022 0.3019182 0.0000010 0.3490013 0.1342319 0.1899333 0.0000010 0.0000000 0.1186613 0.1332788 0.1286667 0.1926115 0.2579777 0.1186613 0.1324483 0.1324483 0.0073565 0.0018261 0.2579777 0.1365022 0.0353928 0.1284477 0.1338748 0.2992113 0.0862112 0.1325356 0.0000022 0.0000021 0.0000010 0.0000010 0.0000021 0.1284477 0.1367606 0.1368780 0.1346446 0.0375387 0.0427534 0.0375387 0.1316025 0.0948055 0.0834786 0.1337608 0.1361428 0.0354452 0.0684234 0.0373111 0.1220825 0.1305929 0.1466776 0.2712442 0.1337996 0.1325356 0.1328985 1.7931674 0.1466776 0.1325356 0.1325356 0.1300669 0.1284477 0.1236618 0.1355931 0.1824854 0.1355931 0.1265892 0.1856076 0.1396023 0.1437834 
bjtc                                                         0.1758835 0.3483125 0.0423381 0.0381878 0.1906812 0.0488128 0.3483125 0.1168449 0.3476497 0.0127870 0.0734743 0.1172839 0.1186613 0.0000000 0.0126328 0.0111410 0.0787351 0.3181885 0.0000010 0.0278519 0.0278519 0.1194106 0.1182891 0.3181885 0.0488128 0.0725191 0.1916520 0.0506006 0.3457147 0.0496706 0.0381878 0.1150085 0.1174613 0.1168449 0.1166407 0.1131660 0.1916520 0.0488805 0.0489270 0.0276077 0.0745705 0.0764147 0.0742347 0.0277315 0.0412777 0.0412777 0.0467545 0.0487154 0.0790764 0.1330311 0.0835450 0.0383302 0.0374738 0.0932798 0.3945928 0.0469980 0.0369496 0.0382760 1.9408117 0.0932798 0.0424465 0.0424465 0.1961573 0.1920886 0.1851193 0.0402532 0.0797339 0.0402532 0.0071442 0.0822183 0.0509638 0.0539278 
le_f_344051|ITS|PP317924.1                                   0.1869066 0.3426305 0.0442543 0.0400907 0.2023381 0.0509235 0.3426305 0.1309158 0.3319979 0.0035737 0.0668274 0.1317013 0.1332788 0.0126328 0.0000000 0.0091646 0.0807699 0.3325822 0.0126328 0.0317333 0.0317333 0.1335506 0.1325590 0.3325822 0.0509235 0.0757175 0.2030733 0.0527945 0.3436804 0.0500652 0.0400907 0.1274107 0.1316127 0.1309158 0.1306798 0.1275711 0.2030733 0.0509945 0.0510429 0.0314533 0.0777690 0.0797085 0.0775269 0.0315947 0.0413702 0.0413702 0.0530006 0.0508214 0.0829055 0.1336002 0.0876541 0.0445857 0.0394402 0.0957677 0.4282374 0.0491088 0.0388878 0.0401831 1.8949791 0.0957677 0.0443674 0.0443674 0.2079219 0.2036946 0.1970221 0.0421628 0.0722667 0.0421628 0.0201690 0.0747160 0.0530894 0.0561021 
le_f_344052|ITS|PP317923.1                                   0.1908587 0.3442631 0.0412982 0.0412982 0.1911779 0.0524966 0.3442631 0.1276109 0.3331111 0.0092780 0.0734956 0.1276109 0.1286667 0.0111410 0.0091646 0.0000000 0.0824698 0.3290341 0.0111410 0.0286893 0.0286893 0.1303253 0.1276109 0.3290341 0.0524966 0.0787705 0.1911779 0.0544876 0.3415555 0.0534785 0.0412982 0.1216003 0.1283136 0.1276109 0.1273742 0.1240580 0.1911779 0.0525722 0.0526234 0.0284294 0.0808853 0.0835477 0.0808853 0.0285607 0.0434899 0.0434899 0.0503606 0.0523879 0.0862912 0.1449667 0.0914473 0.0505161 0.0415114 0.1015476 0.4189516 0.0504162 0.0412982 0.0413962 1.8949791 0.1015476 0.0457184 0.0457184 0.1958612 0.1911779 0.1939185 0.0434380 0.0796460 0.0434380 0.0188761 0.0821264 0.0547362 0.0578759 
2123281_ld|ITS|PP455303.1                                    0.2323877 0.4790347 0.0435582 0.0394661 0.2994063 0.0806584 0.4790347 0.1868283 0.4256069 0.0817479 0.1094228 0.1906818 0.1926115 0.0787351 0.0807699 0.0824698 0.0000000 0.4178188 0.0787351 0.0856264 0.0856264 0.1838915 0.1868283 0.4178188 0.0806584 0.1311349 0.2968850 0.0835803 0.4761981 0.1062780 0.0394661 0.1574565 0.1849206 0.1868283 0.1864448 0.1813690 0.2968850 0.0807811 0.0808540 0.0847873 0.1330159 0.1385684 0.1366200 0.0851879 0.0975718 0.0946877 0.0829088 0.0804839 0.1444643 0.1993585 0.1482541 0.1302559 0.0405727 0.1507550 0.4088278 0.0784790 0.0400154 0.0395556 1.6582428 0.1507550 0.0414385 0.0414385 0.3037498 0.3002210 0.2868563 0.0415028 0.1127330 0.0415028 0.0714838 0.1153508 0.0830677 0.0866149 
hkas                                                         0.0000010 0.3275135 0.3510474 0.3487554 0.3278609 0.3429351 0.3275135 0.2661213 0.4836226 0.3198768 0.3993170 0.2634784 0.2579777 0.3181885 0.3325822 0.3290341 0.4178188 0.0000000 0.3181885 0.3217553 0.3217553 0.2693839 0.2683950 0.0000010 0.3429351 0.1900645 0.3219771 0.3111098 0.3251097 0.1959438 0.3487554 0.2418144 0.2643837 0.2661213 0.2655030 0.2398177 0.3219771 0.3438150 0.3439528 0.3345274 0.2068685 0.2158355 0.1990912 0.3253549 0.1819927 0.1742982 0.3465057 0.3418268 0.1729535 0.3038506 0.1743922 0.3199502 0.3509455 0.3034585 0.0000010 0.3319720 0.3518160 0.3497883 4.7345797 0.3034585 0.3594516 0.3594516 0.3082220 0.3284932 0.3265708 0.3534368 0.3651856 0.3534368 0.3241024 0.3692805 0.3418268 0.3358164 
bjtc_fm2319_a|ITS|OR655149.1                                 0.1758835 0.3483125 0.0423381 0.0381878 0.1906812 0.0488128 0.3483125 0.1168449 0.3476497 0.0127870 0.0734743 0.1172839 0.1186613 0.0000010 0.0126328 0.0111410 0.0787351 0.3181885 0.0000000 0.0278519 0.0278519 0.1194106 0.1182891 0.3181885 0.0488128 0.0725191 0.1916520 0.0506006 0.3457147 0.0496706 0.0381878 0.1150085 0.1174613 0.1168449 0.1166407 0.1131660 0.1916520 0.0488805 0.0489270 0.0276077 0.0745705 0.0764147 0.0742347 0.0277315 0.0412777 0.0412777 0.0467545 0.0487154 0.0790764 0.1330311 0.0835450 0.0383302 0.0374738 0.0932798 0.3945928 0.0469980 0.0369496 0.0382760 1.9408117 0.0932798 0.0424465 0.0424465 0.1961573 0.1920886 0.1851193 0.0402532 0.0797339 0.0402532 0.0071442 0.0822183 0.0509638 0.0539278 
dc_21_24|ITS|OQ860240.1                                      0.2067430 0.3891114 0.0493332 0.0451905 0.2102605 0.0474808 0.3891114 0.1268689 0.3806468 0.0300404 0.0845698 0.1308877 0.1324483 0.0278519 0.0317333 0.0286893 0.0856264 0.3217553 0.0278519 0.0000000 0.0000010 0.1242790 0.1284440 0.3217553 0.0474808 0.0775745 0.2066155 0.0468637 0.3864826 0.0480332 0.0451905 0.1297952 0.1275382 0.1268689 0.1266437 0.1229025 0.2066155 0.0475447 0.0475889 0.0017337 0.0795934 0.0847870 0.0826427 0.0017337 0.0460114 0.0465828 0.0494874 0.0473887 0.0848538 0.1443504 0.0859732 0.0486143 0.0469527 0.0940357 0.4166107 0.0437127 0.0462967 0.0452928 2.0826183 0.0940357 0.0494571 0.0494571 0.2068387 0.2115852 0.2051039 0.0472525 0.0865400 0.0472525 0.0337689 0.0889648 0.0474808 0.0501218 
dc_21_02|ITS|OQ860238.1                                      0.2067430 0.3891114 0.0493332 0.0451905 0.2102605 0.0474808 0.3891114 0.1268689 0.3806468 0.0300404 0.0845698 0.1308877 0.1324483 0.0278519 0.0317333 0.0286893 0.0856264 0.3217553 0.0278519 0.0000010 0.0000000 0.1242790 0.1284440 0.3217553 0.0474808 0.0775745 0.2066155 0.0468637 0.3864826 0.0480332 0.0451905 0.1297952 0.1275382 0.1268689 0.1266437 0.1229025 0.2066155 0.0475447 0.0475889 0.0017337 0.0795934 0.0847870 0.0826427 0.0017337 0.0460114 0.0465828 0.0494874 0.0473887 0.0848538 0.1443504 0.0859732 0.0486143 0.0469527 0.0940357 0.4166107 0.0437127 0.0462967 0.0452928 2.0826183 0.0940357 0.0494571 0.0494571 0.2068387 0.2115852 0.2051039 0.0472525 0.0865400 0.0472525 0.0337689 0.0889648 0.0474808 0.0501218 
k_m000265124_ex_herb._hai_a_001|ITS|OM801199.1               0.1306042 0.2889775 0.1354068 0.1295498 0.1234530 0.1307064 0.2889775 0.0071085 0.3438136 0.1358093 0.1814390 0.0072822 0.0073565 0.1194106 0.1335506 0.1303253 0.1838915 0.2693839 0.1194106 0.1242790 0.1242790 0.0000000 0.0053709 0.2693839 0.1307064 0.0341975 0.1224655 0.1291385 0.2863901 0.0804932 0.1295498 0.0080038 0.0071397 0.0071085 0.0071085 0.0073942 0.1224655 0.1309422 0.1310524 0.1263988 0.0362779 0.0425391 0.0375387 0.1235260 0.0899394 0.0792113 0.1280888 0.1303777 0.0342655 0.0655775 0.0360067 0.1293653 0.1322328 0.1384615 0.2712442 0.1261354 0.1334137 0.1298908 1.7655884 0.1384615 0.1358063 0.1358063 0.1251608 0.1251608 0.1163240 0.1324702 0.1824854 0.1324702 0.1270899 0.1856076 0.1336504 0.1389607 
hal_bp_25|ITS|MT594497.1                                     0.1306042 0.3038028 0.1344375 0.1285272 0.1261221 0.1323415 0.3038028 0.0017820 0.3415407 0.1348246 0.1809346 0.0018078 0.0018261 0.1182891 0.1325590 0.1276109 0.1868283 0.2683950 0.1182891 0.1284440 0.1284440 0.0053709 0.0000000 0.2683950 0.1323415 0.0322258 0.1266199 0.1307929 0.3011951 0.0824687 0.1285272 0.0019858 0.0017899 0.0017820 0.0017820 0.0018541 0.1266199 0.1325835 0.1326957 0.1305834 0.0343372 0.0400629 0.0350920 0.1276517 0.0916346 0.0807018 0.1296895 0.1320044 0.0320506 0.0639847 0.0336938 0.1220825 0.1295263 0.1431530 0.2712442 0.1297306 0.1307326 0.1288693 2.3122338 0.1431530 0.1348386 0.1348386 0.1294442 0.1278173 0.1190399 0.1314739 0.1793710 0.1314739 0.1260206 0.1824854 0.1353286 0.1407399 
hkas126556|ITS|OQ888702.1                                    0.0000010 0.3275135 0.3510474 0.3487554 0.3278609 0.3429351 0.3275135 0.2661213 0.4836226 0.3198768 0.3993170 0.2634784 0.2579777 0.3181885 0.3325822 0.3290341 0.4178188 0.0000010 0.3181885 0.3217553 0.3217553 0.2693839 0.2683950 0.0000000 0.3429351 0.1900645 0.3219771 0.3111098 0.3251097 0.1959438 0.3487554 0.2418144 0.2643837 0.2661213 0.2655030 0.2398177 0.3219771 0.3438150 0.3439528 0.3345274 0.2068685 0.2158355 0.1990912 0.3253549 0.1819927 0.1742982 0.3465057 0.3418268 0.1729535 0.3038506 0.1743922 0.3199502 0.3509455 0.3034585 0.0000010 0.3319720 0.3518160 0.3497883 4.7345797 0.3034585 0.3594516 0.3594516 0.3082220 0.3284932 0.3265708 0.3534368 0.3651856 0.3534368 0.3241024 0.3692805 0.3418268 0.3358164 
inat17028160|ITS|ON534188.1                                  0.2066155 0.3859216 0.0521497 0.0479130 0.2058712 0.0000010 0.3859216 0.1307064 0.3830886 0.0516147 0.0532177 0.1348800 0.1365022 0.0488128 0.0509235 0.0524966 0.0806584 0.3429351 0.0488128 0.0474808 0.0474808 0.1307064 0.1323415 0.3429351 0.0000000 0.0877041 0.2023455 0.0000010 0.3832749 0.0000010 0.0479130 0.1242678 0.1310523 0.1307064 0.1304716 0.1243807 0.2023455 0.0000010 0.0000010 0.0471582 0.0897173 0.0953944 0.0932564 0.0472648 0.0000010 0.0000010 0.0017531 0.0017553 0.0961929 0.1501910 0.0978865 0.0513596 0.0498165 0.1020515 0.4200455 0.0000025 0.0491065 0.0480232 1.8949791 0.1020515 0.0522828 0.0522828 0.2072297 0.2072292 0.2005650 0.0458039 0.0595814 0.0458039 0.0510778 0.0619494 0.0017553 0.0053924 
ferrusca390|ITS|MW750332.1                                   0.1594217 0.1959756 0.0780266 0.0722539 0.1203051 0.0877041 0.1959756 0.0341975 0.2612314 0.0786830 0.1112878 0.0352756 0.0353928 0.0725191 0.0757175 0.0787705 0.1311349 0.1900645 0.0725191 0.0775745 0.0775745 0.0341975 0.0322258 0.1900645 0.0877041 0.0000000 0.1192494 0.0879682 0.1959756 0.0817549 0.0722539 0.0313813 0.0343876 0.0341975 0.0341975 0.0343876 0.1192494 0.0878718 0.0879682 0.0802438 0.0021259 0.0066312 0.0021948 0.0775745 0.0755671 0.0755671 0.0877041 0.0874666 0.0000010 0.0000010 0.0000027 0.1020942 0.0760571 0.0700243 0.1945373 0.0851746 0.0746066 0.0724668 1.6282162 0.0700243 0.0722539 0.0722539 0.1192494 0.1223296 0.1120681 0.0722539 0.1189473 0.0722539 0.0756007 0.1221126 0.0877041 0.0844652 
somf30350|ITS|OL774786.1                                     0.1830119 0.2901137 0.2295669 0.2282218 0.0000010 0.2023455 0.2901137 0.1250613 0.3565243 0.2068576 0.2416549 0.1233836 0.1284477 0.1916520 0.2030733 0.1911779 0.2968850 0.3219771 0.1916520 0.2066155 0.2066155 0.1224655 0.1266199 0.3219771 0.2023455 0.1192494 0.0000000 0.1998972 0.2909411 0.1020136 0.2282218 0.1117461 0.1257241 0.1250613 0.1282990 0.1133561 0.0000010 0.2027717 0.2029103 0.2111135 0.1252649 0.1340577 0.1238272 0.2051229 0.1109943 0.0995345 0.1993613 0.2017690 0.1169932 0.1896495 0.1159627 0.1880862 0.2219278 0.2077664 0.4023406 0.1973712 0.2326718 0.2288708 1.7655884 0.2077664 0.2366110 0.2366110 0.0000010 0.0000010 0.0000010 0.2320273 0.2234048 0.2320273 0.1990878 0.2268798 0.2059184 0.2133584 
inat66898219|ITS|ON943338.1                                  0.2073717 0.3556063 0.0540384 0.0496346 0.2034466 0.0000010 0.3556063 0.1291385 0.3643311 0.0529064 0.0529252 0.1333630 0.1338748 0.0506006 0.0527945 0.0544876 0.0835803 0.3111098 0.0506006 0.0468637 0.0468637 0.1291385 0.1307929 0.3111098 0.0000010 0.0879682 0.1998972 0.0000000 0.3529264 0.0000010 0.0496346 0.1223549 0.1294888 0.1291385 0.1291385 0.1252338 0.1998972 0.0000010 0.0000010 0.0488230 0.0899854 0.0956877 0.0935455 0.0489371 0.0000010 0.0000010 0.0018106 0.0018129 0.0965088 0.1491451 0.0982229 0.0517128 0.0516807 0.1000251 0.4200455 0.0000026 0.0509162 0.0497527 1.4601217 0.1000251 0.0496346 0.0496346 0.1998972 0.2048582 0.1979098 0.0474425 0.0574712 0.0474425 0.0529610 0.0598386 0.0018129 0.0036514 
s.d._russell_nama2018_ms_inaturalist_13923264|ITS|OP541725.1 0.1854591 0.0000029 0.4102635 0.4074757 0.2975322 0.3832749 0.0000029 0.2933003 0.4209093 0.3525593 0.4317794 0.2929386 0.2992113 0.3457147 0.3436804 0.3415555 0.4761981 0.3251097 0.3457147 0.3864826 0.3864826 0.2863901 0.3011951 0.3251097 0.3832749 0.1959756 0.2909411 0.3529264 0.0000000 0.2431661 0.4074757 0.2768603 0.2915816 0.2933003 0.2988096 0.2664684 0.2909411 0.3843246 0.3844598 0.3907207 0.2132979 0.2201436 0.2071310 0.3829047 0.2180547 0.2044378 0.3832749 0.3819831 0.1836495 0.3162259 0.1913325 0.3758107 0.3920108 0.3474674 0.3235538 0.3737772 0.4148926 0.4087421 2.1004563 0.3474674 0.4196121 0.4196121 0.2864172 0.2949663 0.2998656 0.4061005 0.3706314 0.4061005 0.3666958 0.3747818 0.3883423 0.3834262 
mushroom_observer_323745|ITS|ON705304.1                      0.1525031 0.2431661 0.0441285 0.0355301 0.1028896 0.0000010 0.2431661 0.0804932 0.2722372 0.0547349 0.0275842 0.0856050 0.0862112 0.0496706 0.0500652 0.0534785 0.1062780 0.1959438 0.0496706 0.0480332 0.0480332 0.0804932 0.0824687 0.1959438 0.0000010 0.0817549 0.1020136 0.0000010 0.2431661 0.0000000 0.0355301 0.0549231 0.0804932 0.0804932 0.0804932 0.0809170 0.1020136 0.0000010 0.0000010 0.0480332 0.0817549 0.0867207 0.0876580 0.0480332 0.0000010 0.0000010 0.0000010 0.0037303 0.0821915 0.0817549 0.0821915 0.0513596 0.0385577 0.0524506 0.0000010 0.0000023 0.0374051 0.0355301 2.0563596 0.0524506 0.0355301 0.0355301 0.1020136 0.1066369 0.0866853 0.0355301 0.0307470 0.0355301 0.0496706 0.0307470 0.0000010 0.0000023 
tur_a_208930|ITS|MZ265186.1                                  0.2144546 0.4101326 0.0034636 0.0000010 0.2326718 0.0479130 0.4101326 0.1269505 0.3546363 0.0406184 0.0689072 0.1309734 0.1325356 0.0381878 0.0400907 0.0412982 0.0394661 0.3487554 0.0381878 0.0451905 0.0451905 0.1295498 0.1285272 0.3487554 0.0479130 0.0722539 0.2282218 0.0496346 0.4074757 0.0355301 0.0000000 0.1298875 0.1276204 0.1269505 0.1267250 0.1235311 0.2282218 0.0479782 0.0480232 0.0447855 0.0742992 0.0793088 0.0771368 0.0449868 0.0431883 0.0403276 0.0499406 0.0478192 0.0790122 0.1329079 0.0796212 0.0000010 0.0000010 0.0987027 0.4088278 0.0461287 0.0000010 0.0000010 1.5463512 0.0987027 0.0034717 0.0034717 0.2338922 0.2338924 0.2280454 0.0017247 0.0745629 0.0017247 0.0320170 0.0769420 0.0500217 0.0529139 
tur_a_209199|ITS|MZ265183.1                                  0.1309162 0.2797357 0.1298875 0.1298875 0.1117461 0.1242678 0.2797357 0.0000022 0.3360147 0.1297998 0.1821196 0.0000022 0.0000022 0.1150085 0.1274107 0.1216003 0.1574565 0.2418144 0.1150085 0.1297952 0.1297952 0.0080038 0.0019858 0.2418144 0.1242678 0.0313813 0.1117461 0.1223549 0.2768603 0.0549231 0.1298875 0.0000000 0.0000022 0.0000022 0.0000022 0.0000023 0.1117461 0.1245149 0.1246341 0.1321652 0.0337821 0.0395128 0.0337821 0.1289053 0.0729106 0.0604419 0.1213777 0.1242678 0.0311122 0.0672817 0.0329546 0.1217039 0.1298875 0.1436206 0.2727408 0.1250023 0.1298875 0.1302711 2.3122338 0.1436206 0.1369192 0.1369192 0.1144571 0.1117461 0.1120729 0.1331666 0.1744433 0.1331666 0.1234435 0.1777653 0.1275015 0.1370450 
tur_a_209198|ITS|MZ265182.1                                  0.1310624 0.2941780 0.1334801 0.1276204 0.1268086 0.1310523 0.2941780 0.0000020 0.3298170 0.1338447 0.1795691 0.0000020 0.0000021 0.1174613 0.1316127 0.1283136 0.1849206 0.2643837 0.1174613 0.1275382 0.1275382 0.0071397 0.0017899 0.2643837 0.1310523 0.0343876 0.1257241 0.1294888 0.2915816 0.0804932 0.1276204 0.0000022 0.0000000 0.0000020 0.0000020 0.0000021 0.1257241 0.1312893 0.1313999 0.1296643 0.0364780 0.0427826 0.0377522 0.1267578 0.0899394 0.0792113 0.1284278 0.1307218 0.0344691 0.0659185 0.0361187 0.1229901 0.1302358 0.1420648 0.2730797 0.1290980 0.1314410 0.1279579 2.3122338 0.1420648 0.1338756 0.1338756 0.1285081 0.1285082 0.1197052 0.1305419 0.1804407 0.1305419 0.1251143 0.1835729 0.1340050 0.1393365 
tur_a_208929|ITS|MZ265181.1                                  0.1306042 0.2958826 0.1327759 0.1269505 0.1261221 0.1307064 0.2958826 0.0000010 0.3361044 0.1331247 0.1814390 0.0000010 0.0000010 0.1168449 0.1309158 0.1276109 0.1868283 0.2661213 0.1168449 0.1268689 0.1268689 0.0071085 0.0017820 0.2661213 0.1307064 0.0341975 0.1250613 0.1291385 0.2933003 0.0804932 0.1269505 0.0000022 0.0000020 0.0000000 0.0000010 0.0000021 0.1250613 0.1309422 0.1310524 0.1289863 0.0362779 0.0425391 0.0375387 0.1260969 0.0899394 0.0792113 0.1280888 0.1303777 0.0342655 0.0655775 0.0360067 0.1220825 0.1295263 0.1412705 0.2712442 0.1287560 0.1307326 0.1272847 2.3122338 0.1412705 0.1331676 0.1331676 0.1278173 0.1278173 0.1190399 0.1298549 0.1824854 0.1298549 0.1244435 0.1856076 0.1336504 0.1389607 
tur_a_209100|ITS|MZ265180.1                                  0.1306042 0.3014024 0.1325367 0.1267250 0.1294579 0.1304716 0.3014024 0.0000010 0.3424947 0.1328800 0.1810791 0.0000010 0.0000010 0.1166407 0.1306798 0.1273742 0.1864448 0.2655030 0.1166407 0.1266437 0.1266437 0.0071085 0.0017820 0.2655030 0.1304716 0.0341975 0.1282990 0.1291385 0.2988096 0.0804932 0.1267250 0.0000022 0.0000020 0.0000010 0.0000000 0.0000021 0.1282990 0.1307064 0.1308163 0.1287574 0.0362779 0.0425391 0.0375387 0.1258748 0.0899394 0.0792113 0.1278596 0.1301442 0.0342655 0.0655775 0.0360067 0.1220825 0.1292866 0.1412705 0.2712442 0.1285246 0.1304928 0.1270580 2.3122338 0.1412705 0.1329270 0.1329270 0.1311466 0.1311466 0.1223949 0.1296226 0.1824854 0.1296226 0.1242187 0.1856076 0.1334086 0.1387031 
tur_a_208928|ITS|MZ265179.1                                  0.1310624 0.2691001 0.1294920 0.1235311 0.1141086 0.1243807 0.2691001 0.0000021 0.2970165 0.1279378 0.1726419 0.0000021 0.0000021 0.1131660 0.1275711 0.1240580 0.1813690 0.2398177 0.1131660 0.1229025 0.1229025 0.0073942 0.0018541 0.2398177 0.1243807 0.0343876 0.1133561 0.1252338 0.2664684 0.0809170 0.1235311 0.0000023 0.0000021 0.0000021 0.0000021 0.0000000 0.1133561 0.1246091 0.1247192 0.1286066 0.0364780 0.0427826 0.0377522 0.1256253 0.0903030 0.0795319 0.1217105 0.1240615 0.0343671 0.0630072 0.0361187 0.1229901 0.1260444 0.1400269 0.2730797 0.1223685 0.1273211 0.1238664 1.8653501 0.1400269 0.1235311 0.1235311 0.1133561 0.1159096 0.1066056 0.1235311 0.1835729 0.1235311 0.1208834 0.1867130 0.1273670 0.1273839 
tur_a_208927|ITS|MZ265178.1                                  0.1830119 0.2901137 0.2295669 0.2282218 0.0000010 0.2023455 0.2901137 0.1250613 0.3565243 0.2068576 0.2416549 0.1233836 0.1284477 0.1916520 0.2030733 0.1911779 0.2968850 0.3219771 0.1916520 0.2066155 0.2066155 0.1224655 0.1266199 0.3219771 0.2023455 0.1192494 0.0000010 0.1998972 0.2909411 0.1020136 0.2282218 0.1117461 0.1257241 0.1250613 0.1282990 0.1133561 0.0000000 0.2027717 0.2029103 0.2111135 0.1252649 0.1340577 0.1238272 0.2051229 0.1109943 0.0995345 0.1993613 0.2017690 0.1169932 0.1896495 0.1159627 0.1880862 0.2219278 0.2077664 0.4023406 0.1973712 0.2326718 0.2288708 1.7655884 0.2077664 0.2366110 0.2366110 0.0000010 0.0000010 0.0000010 0.2320273 0.2234048 0.2320273 0.1990878 0.2268798 0.2059184 0.2133584 
mich139837|ITS|OM985877.1                                    0.2071892 0.3869791 0.0522215 0.0479782 0.2063191 0.0000010 0.3869791 0.1309422 0.3841863 0.0516878 0.0532928 0.1351319 0.1367606 0.0488805 0.0509945 0.0525722 0.0807811 0.3438150 0.0488805 0.0475447 0.0475447 0.1309422 0.1325835 0.3438150 0.0000010 0.0878718 0.2027717 0.0000010 0.3843246 0.0000010 0.0479782 0.1245149 0.1312893 0.1309422 0.1307064 0.1246091 0.2027717 0.0000000 0.0000010 0.0472212 0.0898881 0.0955830 0.0934417 0.0473281 0.0000010 0.0000010 0.0017552 0.0017574 0.0963964 0.1504967 0.0981038 0.0513596 0.0498872 0.1022216 0.4226925 0.0000025 0.0491750 0.0480887 1.8949791 0.1022216 0.0523550 0.0523550 0.2076776 0.2076773 0.2010131 0.0458658 0.0596763 0.0458658 0.0511493 0.0620486 0.0017574 0.0053990 
farid_1035|ITS|MZ746113.1                                    0.2073717 0.3871135 0.0522701 0.0480232 0.2064621 0.0000010 0.3871135 0.1310524 0.3843276 0.0517374 0.0533433 0.1352473 0.1368780 0.0489270 0.0510429 0.0526234 0.0808540 0.3439528 0.0489270 0.0475889 0.0475889 0.1310524 0.1326957 0.3439528 0.0000010 0.0879682 0.2029103 0.0000010 0.3844598 0.0000010 0.0480232 0.1246341 0.1313999 0.1310524 0.1308163 0.1247192 0.2029103 0.0000010 0.0000000 0.0472648 0.0899854 0.0956877 0.0935455 0.0473719 0.0000010 0.0000010 0.0017569 0.0017591 0.0965088 0.1506265 0.0982229 0.0513596 0.0499355 0.1023130 0.4229803 0.0000025 0.0492221 0.0481338 1.8949791 0.1023130 0.0524039 0.0524039 0.2078197 0.2078194 0.2011602 0.0459089 0.0597384 0.0459089 0.0511979 0.0621129 0.0017591 0.0054044 
sarwar1|ITS|MW369503.1                                       0.2163973 0.3933297 0.0488871 0.0447855 0.2148722 0.0471582 0.3933297 0.1289863 0.3796885 0.0318518 0.0862852 0.1330616 0.1346446 0.0276077 0.0314533 0.0284294 0.0847873 0.3345274 0.0276077 0.0017337 0.0017337 0.1263988 0.1305834 0.3345274 0.0471582 0.0802438 0.2111135 0.0488230 0.3907207 0.0480332 0.0447855 0.1321652 0.1296643 0.1289863 0.1287574 0.1286066 0.2111135 0.0472212 0.0472648 0.0000000 0.0822512 0.0875428 0.0854105 0.0000010 0.0460114 0.0465828 0.0491501 0.0470675 0.0877938 0.1432638 0.0890520 0.0483013 0.0465153 0.0961871 0.4289592 0.0434160 0.0458716 0.0448860 1.6570592 0.0961871 0.0490088 0.0490088 0.2161595 0.2161595 0.2098868 0.0468271 0.0913951 0.0468271 0.0334688 0.0938400 0.0450873 0.0520565 
mexu_30106|ITS|MW209740.1                                    0.1632811 0.2132979 0.0800572 0.0742992 0.1265212 0.0897173 0.2132979 0.0362779 0.2844447 0.0807278 0.1132023 0.0374151 0.0375387 0.0745705 0.0777690 0.0808853 0.1330159 0.2068685 0.0745705 0.0795934 0.0795934 0.0362779 0.0343372 0.2068685 0.0897173 0.0021259 0.1252649 0.0899854 0.2132979 0.0817549 0.0742992 0.0337821 0.0364780 0.0362779 0.0362779 0.0364780 0.1252649 0.0898881 0.0899854 0.0822512 0.0000000 0.0043725 0.0000010 0.0795934 0.0755671 0.0755671 0.0897173 0.0894755 0.0000010 0.0021149 0.0000027 0.1020942 0.0781871 0.0747922 0.2376881 0.0872038 0.0767028 0.0745166 1.6282162 0.0747922 0.0742992 0.0742992 0.1252649 0.1285134 0.1184234 0.0742992 0.1209408 0.0742992 0.0776490 0.1240883 0.0897173 0.0864824 
mexu_30111|ITS|MW209739.1                                    0.1729839 0.2201436 0.0793088 0.0793088 0.1340577 0.0953944 0.2201436 0.0425391 0.2895330 0.0827500 0.1198135 0.0426099 0.0427534 0.0764147 0.0797085 0.0835477 0.1385684 0.2158355 0.0764147 0.0847870 0.0847870 0.0425391 0.0400629 0.2158355 0.0953944 0.0066312 0.1340577 0.0956877 0.2201436 0.0867207 0.0793088 0.0395128 0.0427826 0.0425391 0.0425391 0.0427826 0.1340577 0.0955830 0.0956877 0.0875428 0.0043725 0.0000000 0.0043919 0.0847870 0.0789942 0.0789942 0.0953944 0.0951280 0.0047535 0.0065954 0.0049891 0.1020942 0.0808468 0.0798578 0.2630176 0.0922891 0.0793088 0.0795476 1.6282162 0.0798578 0.0793088 0.0793088 0.1340577 0.1340577 0.1260673 0.0793088 0.1237848 0.0793088 0.0795833 0.1269355 0.0953944 0.0920082 
mexu_30109|ITS|MW209738.1                                    0.1632811 0.2071310 0.0771368 0.0771368 0.1238272 0.0932564 0.2071310 0.0375387 0.2910425 0.0805746 0.1177935 0.0375387 0.0375387 0.0742347 0.0775269 0.0808853 0.1366200 0.1990912 0.0742347 0.0826427 0.0826427 0.0375387 0.0350920 0.1990912 0.0932564 0.0021948 0.1238272 0.0935455 0.2071310 0.0876580 0.0771368 0.0337821 0.0377522 0.0375387 0.0375387 0.0377522 0.1238272 0.0934417 0.0935455 0.0854105 0.0000010 0.0043919 0.0000000 0.0826427 0.0796239 0.0796239 0.0932564 0.0929944 0.0000010 0.0021830 0.0000028 0.1020942 0.0781871 0.0776717 0.2376881 0.0901426 0.0771368 0.0773708 1.6282162 0.0776717 0.0771368 0.0771368 0.1238272 0.1238272 0.1184234 0.0771368 0.1209408 0.0771368 0.0774044 0.1240883 0.0932564 0.0898659 
MW045557.1|ITS|MW045557.1                                    0.2067430 0.3855117 0.0491079 0.0449868 0.2086923 0.0472648 0.3855117 0.1260969 0.3769361 0.0319968 0.0841423 0.1300631 0.1316025 0.0277315 0.0315947 0.0285607 0.0851879 0.3253549 0.0277315 0.0017337 0.0017337 0.1235260 0.1276517 0.3253549 0.0472648 0.0775745 0.2051229 0.0489371 0.3829047 0.0480332 0.0449868 0.1289053 0.1267578 0.1260969 0.1258748 0.1256253 0.2051229 0.0473281 0.0473719 0.0000010 0.0795934 0.0847870 0.0826427 0.0000000 0.0460114 0.0465828 0.0492613 0.0471737 0.0848538 0.1404391 0.0859732 0.0486143 0.0467323 0.0964255 0.4166107 0.0435145 0.0460827 0.0450882 1.6570592 0.0964255 0.0492307 0.0492307 0.2100161 0.2100161 0.2035331 0.0470381 0.0890034 0.0470381 0.0336199 0.0914389 0.0451890 0.0521764 
jab_325|ITS|MW675733.1                                       0.1487388 0.2180547 0.0499856 0.0431883 0.1120513 0.0000010 0.2180547 0.0899394 0.2479140 0.0448684 0.0273300 0.0942924 0.0948055 0.0412777 0.0413702 0.0434899 0.0975718 0.1819927 0.0412777 0.0460114 0.0460114 0.0899394 0.0916346 0.1819927 0.0000010 0.0755671 0.1109943 0.0000010 0.2180547 0.0000010 0.0431883 0.0729106 0.0899394 0.0899394 0.0899394 0.0903030 0.1109943 0.0000010 0.0000010 0.0460114 0.0755671 0.0789942 0.0796239 0.0460114 0.0000000 0.0000010 0.0000010 0.0028709 0.0761821 0.0758734 0.0761821 0.0513596 0.0460185 0.0599126 0.1459772 0.0000021 0.0449484 0.0433491 2.0563596 0.0599126 0.0431883 0.0431883 0.1109943 0.1148326 0.1005897 0.0431883 0.0296849 0.0431883 0.0447102 0.0296849 0.0000010 0.0000021 
jab_324|ITS|MW675732.1                                       0.1397032 0.2044378 0.0471262 0.0403276 0.1000904 0.0000010 0.2044378 0.0792113 0.2258551 0.0448684 0.0276665 0.0830339 0.0834786 0.0412777 0.0413702 0.0434899 0.0946877 0.1742982 0.0412777 0.0465828 0.0465828 0.0792113 0.0807018 0.1742982 0.0000010 0.0755671 0.0995345 0.0000010 0.2044378 0.0000010 0.0403276 0.0604419 0.0792113 0.0792113 0.0792113 0.0795319 0.0995345 0.0000010 0.0000010 0.0465828 0.0755671 0.0789942 0.0796239 0.0465828 0.0000010 0.0000000 0.0000010 0.0029046 0.0761821 0.0758734 0.0761821 0.0513596 0.0429836 0.0566485 0.1133164 0.0000021 0.0419812 0.0404786 2.0563596 0.0566485 0.0403276 0.0403276 0.0995345 0.1029572 0.0882647 0.0403276 0.0300826 0.0403276 0.0411207 0.0300826 0.0000010 0.0000021 
jab_184|ITS|MW675731.1                                       0.2066155 0.3859216 0.0542013 0.0499406 0.2027942 0.0017531 0.3859216 0.1280888 0.3790910 0.0537224 0.0553178 0.1321738 0.1337608 0.0467545 0.0530006 0.0503606 0.0829088 0.3465057 0.0467545 0.0494874 0.0494874 0.1280888 0.1296895 0.3465057 0.0017531 0.0877041 0.1993613 0.0018106 0.3832749 0.0000010 0.0499406 0.1213777 0.1284278 0.1280888 0.1278596 0.1217105 0.1993613 0.0017552 0.0017569 0.0491501 0.0897173 0.0953944 0.0932564 0.0492613 0.0000010 0.0000010 0.0000000 0.0035187 0.0961929 0.1501910 0.0978865 0.0513596 0.0519296 0.1045021 0.4200455 0.0017694 0.0511867 0.0500555 1.8949791 0.1045021 0.0543398 0.0543398 0.2041715 0.2041712 0.1973983 0.0478187 0.0619494 0.0478187 0.0490015 0.0643282 0.0035187 0.0072066 
MT939495.1|ITS|MT939495.1                                    0.2066155 0.3846232 0.0520464 0.0478192 0.2052676 0.0017553 0.3846232 0.1303777 0.3817392 0.0515097 0.0531099 0.1345295 0.1361428 0.0487154 0.0508214 0.0523879 0.0804839 0.3418268 0.0487154 0.0473887 0.0473887 0.1303777 0.1320044 0.3418268 0.0017553 0.0874666 0.2017690 0.0018129 0.3819831 0.0037303 0.0478192 0.1242678 0.1307218 0.1303777 0.1301442 0.1240615 0.2017690 0.0017574 0.0017591 0.0470675 0.0894755 0.0951280 0.0929944 0.0471737 0.0028709 0.0029046 0.0035187 0.0000000 0.0959057 0.1497683 0.0975802 0.0510598 0.0497149 0.1018116 0.4200455 0.0000025 0.0490078 0.0479289 1.8949791 0.1018116 0.0521790 0.0521790 0.2066250 0.2066244 0.1999585 0.0457147 0.0594454 0.0457147 0.0509750 0.0618074 0.0035231 0.0053924 
tb_2010_mex_07|ITS|KC152077.1                                0.1384684 0.1836495 0.0854069 0.0790122 0.1176516 0.0961929 0.1836495 0.0342655 0.2755959 0.0861995 0.1223744 0.0353202 0.0354452 0.0790764 0.0829055 0.0862912 0.1444643 0.1729535 0.0790764 0.0848538 0.0848538 0.0342655 0.0320506 0.1729535 0.0961929 0.0000010 0.1169932 0.0965088 0.1836495 0.0821915 0.0790122 0.0311122 0.0344691 0.0342655 0.0342655 0.0343671 0.1169932 0.0963964 0.0965088 0.0877938 0.0000010 0.0047535 0.0000010 0.0848538 0.0761821 0.0761821 0.0961929 0.0959057 0.0000000 0.0000010 0.0000027 0.1020942 0.0833097 0.0706900 0.1496340 0.0931136 0.0815627 0.0792659 1.7143138 0.0706900 0.0790122 0.0790122 0.1169932 0.1198582 0.1086463 0.0790122 0.1312388 0.0790122 0.0827654 0.1347583 0.0961929 0.0925680 
tb_2010_mex_08|ITS|KC152076.1                                0.1544332 0.3152092 0.1393096 0.1329079 0.1930096 0.1501910 0.3152092 0.0655775 0.3246650 0.1389627 0.1669619 0.0675537 0.0684234 0.1330311 0.1336002 0.1449667 0.1993585 0.3038506 0.1330311 0.1443504 0.1443504 0.0655775 0.0639847 0.3038506 0.1501910 0.0000010 0.1896495 0.1491451 0.3162259 0.0817549 0.1329079 0.0672817 0.0659185 0.0655775 0.0655775 0.0630072 0.1896495 0.1504967 0.1506265 0.1432638 0.0021149 0.0065954 0.0021830 0.1404391 0.0758734 0.0758734 0.1501910 0.1497683 0.0000010 0.0000000 0.0000027 0.1020942 0.1400300 0.1284582 0.4526611 0.1480753 0.1372243 0.1332874 2.0674381 0.1284582 0.1397559 0.1397559 0.1945514 0.1945511 0.1869068 0.1329079 0.1774099 0.1329079 0.1377795 0.1806980 0.1501910 0.1525373 
tb_2010_mex_12|ITS|KC152075.1                                0.1383279 0.1913325 0.0862988 0.0796212 0.1166160 0.0978865 0.1913325 0.0360067 0.2617856 0.0911656 0.1201201 0.0371727 0.0373111 0.0835450 0.0876541 0.0914473 0.1482541 0.1743922 0.0835450 0.0859732 0.0859732 0.0360067 0.0336938 0.1743922 0.0978865 0.0000027 0.1159627 0.0982229 0.1913325 0.0821915 0.0796212 0.0329546 0.0361187 0.0360067 0.0360067 0.0361187 0.1159627 0.0981038 0.0982229 0.0890520 0.0000027 0.0049891 0.0000028 0.0859732 0.0761821 0.0761821 0.0978865 0.0975802 0.0000027 0.0000027 0.0000000 0.1020942 0.0841483 0.0746882 0.1507368 0.0946566 0.0823047 0.0798877 1.7143138 0.0746882 0.0796212 0.0796212 0.1159627 0.1189270 0.1071659 0.0796212 0.1344657 0.0796212 0.0835450 0.1381601 0.0978865 0.0940763 
