10
zgcsn104|ITS|PP504488.1        0.0000000 0.3294243 0.3367697 0.3328740 0.3294243 0.3322817 0.3530962 0.3530962 0.4978517 0.2714962 
sccd20220611_01|ITS|PQ784855.1 0.3294243 0.0000000 0.3140402 0.0027064 0.0000010 0.0013512 0.4169443 0.4169443 0.6162015 0.4267770 
ab_23_b01|ITS|PP702214.1       0.3367697 0.3140402 0.0000000 0.3104066 0.3140402 0.3104066 0.1082838 0.1082838 0.2190217 0.1469684 
mj_047|ITS|OP935626.1          0.3328740 0.0027064 0.3104066 0.0000000 0.0027325 0.0013521 0.4216988 0.4216988 0.6205125 0.4295545 
n.k.zeng4042|ITS|MT822941.1    0.3294243 0.0000010 0.3140402 0.0027325 0.0000000 0.0013642 0.4151372 0.4151372 0.6160613 0.4275323 
n.k.zeng2473|ITS|MT822940.1    0.3322817 0.0013512 0.3104066 0.0013521 0.0013642 0.0000000 0.4190449 0.4190449 0.6205125 0.4295545 
le254400|ITS|MT893604.1        0.3530962 0.4169443 0.1082838 0.4216988 0.4151372 0.4190449 0.0000000 0.0000010 0.0000010 0.0453530 
le254399|ITS|MT893603.1        0.3530962 0.4169443 0.1082838 0.4216988 0.4151372 0.4190449 0.0000010 0.0000000 0.0000010 0.0453530 
yang_4711|ITS|KX950718.1       0.4978517 0.6162015 0.2190217 0.6205125 0.6160613 0.6205125 0.0000010 0.0000010 0.0000000 0.0577475 
113_461|ITS|AB509779.1         0.2714962 0.4267770 0.1469684 0.4295545 0.4275323 0.4295545 0.0453530 0.0453530 0.0577475 0.0000000 
