40
Buchwaldoboletus_01 0.0000000 0.1187549 0.0061989 0.1845581 0.1112237 0.1069989 0.1108724 0.0066046 0.1785999 0.0065082 0.0814342 0.0126317 0.1838492 0.1172903 0.0689179 0.1512356 0.0432549 0.3044952 0.3044952 0.2991892 0.0015390 0.1072082 0.1300546 0.0432549 0.0015412 0.1069868 0.1093054 0.1069868 0.1112429 0.1093054 0.0015390 0.0036622 0.0095008 0.0031271 0.0031271 0.0000010 0.0080016 0.0048825 0.0049483 0.0057056 
Buchwaldoboletus_02 0.1187549 0.0000000 0.1230575 0.1888061 0.0192955 0.0192980 0.0109702 0.1221657 0.1827091 0.1282144 0.0000010 0.1122549 0.1881284 0.0160936 0.1433636 0.1541557 0.1171938 0.3014799 0.3014799 0.2892558 0.1209129 0.0209891 0.1423878 0.1171938 0.1211235 0.0160021 0.0160021 0.0160021 0.0192980 0.0160021 0.1209129 0.0957754 0.1062508 0.1230145 0.1230145 0.1084020 0.1013790 0.0967559 0.0982698 0.0893805 
Buchwaldoboletus_03 0.0061989 0.1230575 0.0000000 0.1932453 0.1154303 0.1111717 0.1197613 0.0000010 0.1870668 0.0000010 0.0879173 0.0158602 0.1926068 0.1216121 0.0650421 0.1567624 0.0397302 0.3009503 0.3009503 0.2956865 0.0046383 0.1113899 0.1324277 0.0397302 0.0046449 0.1111592 0.1135040 0.1111592 0.1154504 0.1135040 0.0046383 0.0055071 0.0127247 0.0062832 0.0062832 0.0046826 0.0031781 0.0000010 0.0000010 0.0000010 
Buchwaldoboletus_04 0.1845581 0.1888061 0.1932453 0.0000000 0.1769878 0.1798847 0.1639569 0.1973154 0.0051223 0.2045755 0.1465599 0.1962151 0.0017200 0.1845547 0.2139268 0.0000010 0.1865081 0.2922404 0.2922404 0.2771892 0.1874338 0.1802820 0.2031486 0.1865081 0.1878478 0.1769878 0.1802755 0.1769878 0.1798446 0.1802755 0.1874338 0.1465567 0.1895818 0.1945890 0.1945890 0.1832225 0.1838707 0.1581562 0.1608970 0.1467049 
Buchwaldoboletus_05 0.1112237 0.0192955 0.1154303 0.1769878 0.0000000 0.0030899 0.0021480 0.1143669 0.1712802 0.1200678 0.0016988 0.1202844 0.1762264 0.0143382 0.1319781 0.1541557 0.1095293 0.2855276 0.2855276 0.2738045 0.1133327 0.0015439 0.1317468 0.1095293 0.1135269 0.0030890 0.0046527 0.0030890 0.0062094 0.0046527 0.1133327 0.0957696 0.1153052 0.1174266 0.1174266 0.1077746 0.1078337 0.0988885 0.1004392 0.0918321 
Buchwaldoboletus_06 0.1069989 0.0192980 0.1111717 0.1798847 0.0030899 0.0000000 0.0021483 0.1098654 0.1741032 0.1155473 0.0034069 0.1159676 0.1791460 0.0143400 0.1273861 0.1570030 0.1052248 0.2821512 0.2821512 0.2704912 0.1090909 0.0015438 0.1317332 0.1052248 0.1092769 0.0030893 0.0046533 0.0030893 0.0062102 0.0046533 0.1090909 0.0910016 0.1109790 0.1130841 0.1130841 0.1035549 0.1035392 0.0946105 0.0960874 0.0893930 
Buchwaldoboletus_07 0.1108724 0.0109702 0.1197613 0.1639569 0.0021480 0.0021483 0.0000000 0.1197613 0.1617737 0.1197613 0.0000010 0.1108585 0.1629557 0.0087930 0.1227030 0.1531010 0.1025079 0.3180377 0.3180377 0.3151495 0.1138081 0.0043107 0.1381239 0.1025079 0.1138081 0.0000010 0.0000010 0.0000010 0.0021483 0.0000010 0.1138081 0.1084013 0.1108585 0.1138081 0.1138081 0.1111441 0.1197613 0.1124318 0.1127030 0.1093536 
Buchwaldoboletus_08 0.0066046 0.1221657 0.0000010 0.1973154 0.1143669 0.1098654 0.1197613 0.0000000 0.1910543 0.0000010 0.0845883 0.0151907 0.1926170 0.1206320 0.0678221 0.1620264 0.0425156 0.2941090 0.2941090 0.2958490 0.0049411 0.1121178 0.1276236 0.0425156 0.0049411 0.1098523 0.1123284 0.1098523 0.1143880 0.1123284 0.0049411 0.0055071 0.0118512 0.0066229 0.0066229 0.0049913 0.0000010 0.0000010 0.0000010 0.0000010 
Buchwaldoboletus_09 0.1785999 0.1827091 0.1870668 0.0051223 0.1712802 0.1741032 0.1617737 0.1910543 0.0000000 0.1981784 0.1448685 0.1899670 0.0034331 0.1786017 0.2070499 0.0035390 0.1804531 0.2693787 0.2693787 0.2550848 0.1814030 0.1744800 0.1967188 0.1804531 0.1817952 0.1712802 0.1744735 0.1712802 0.1740651 0.1744735 0.1814030 0.1449813 0.1872857 0.1882554 0.1882554 0.1772632 0.1816321 0.1562937 0.1589676 0.1451551 
Buchwaldoboletus_10 0.0065082 0.1282144 0.0000010 0.2045755 0.1200678 0.1155473 0.1197613 0.0000010 0.1981784 0.0000000 0.0908048 0.0166708 0.1998046 0.1267175 0.0666961 0.1657176 0.0418515 0.3093992 0.3093992 0.3037195 0.0048684 0.1178101 0.1257972 0.0418515 0.0048684 0.1155337 0.1180314 0.1155337 0.1200901 0.1180314 0.0048684 0.0055071 0.0133771 0.0065259 0.0065259 0.0049179 0.0033409 0.0000010 0.0000010 0.0000010 
Buchwaldoboletus_11 0.0814342 0.0000010 0.0879173 0.1465599 0.0016988 0.0034069 0.0000010 0.0845883 0.1448685 0.0908048 0.0000000 0.0835792 0.1484113 0.0000010 0.1036074 0.1456045 0.0812343 0.2572480 0.2572480 0.2406355 0.0835792 0.0034125 0.0966256 0.0812343 0.0835792 0.0000010 0.0000010 0.0000010 0.0034069 0.0000010 0.0835792 0.0838691 0.0835792 0.0844193 0.0844193 0.0815849 0.0857525 0.0880811 0.0890157 0.0850458 
Buchwaldoboletus_12 0.0126317 0.1122549 0.0158602 0.1962151 0.1202844 0.1159676 0.1108585 0.0151907 0.1899670 0.0166708 0.0835792 0.0000000 0.1956025 0.1124940 0.0816448 0.1539927 0.0545640 0.3043199 0.3043199 0.2990235 0.0110264 0.1161971 0.1421009 0.0545640 0.0110423 0.1159547 0.1114614 0.1159547 0.1203056 0.1114614 0.0110264 0.0036627 0.0015635 0.0111489 0.0111489 0.0078790 0.0063875 0.0048831 0.0049489 0.0037932 
Buchwaldoboletus_13 0.1838492 0.1881284 0.1926068 0.0017200 0.1762264 0.1791460 0.1629557 0.1926170 0.0034331 0.1998046 0.1484113 0.1956025 0.0000000 0.1838464 0.2134470 0.0000010 0.1858093 0.2866533 0.2866533 0.2716394 0.1867482 0.1795451 0.1983471 0.1858093 0.1867482 0.1762264 0.1795385 0.1762264 0.1791057 0.1795385 0.1867482 0.1461872 0.1929132 0.1911357 0.1911357 0.1824991 0.1871304 0.1608970 0.1605323 0.1463415 
Buchwaldoboletus_14 0.1172903 0.0160936 0.1216121 0.1845547 0.0143382 0.0143400 0.0087930 0.1206320 0.1786017 0.1267175 0.0000010 0.1124940 0.1838464 0.0000000 0.1419483 0.1541557 0.1156886 0.3121899 0.3121899 0.2923747 0.1194577 0.0159965 0.1447041 0.1156886 0.1196670 0.0110982 0.0078811 0.0110982 0.0143400 0.0078811 0.1194577 0.0909893 0.1100488 0.1237649 0.1237649 0.1137807 0.1046895 0.0945992 0.0960757 0.0893805 
Buchwaldoboletus_15 0.0689179 0.1433636 0.0650421 0.2139268 0.1319781 0.1273861 0.1227030 0.0678221 0.2070499 0.0666961 0.1036074 0.0816448 0.2134470 0.1419483 0.0000000 0.1765594 0.0213094 0.3579375 0.3579375 0.3517507 0.0669808 0.1276507 0.1586894 0.0213094 0.0670888 0.1296697 0.1322437 0.1296697 0.1343219 0.1322437 0.0669808 0.0742070 0.0782958 0.0700120 0.0700120 0.0677080 0.0713007 0.0624663 0.0634150 0.0697578 
Buchwaldoboletus_16 0.1512356 0.1541557 0.1567624 0.0000010 0.1541557 0.1570030 0.1531010 0.1620264 0.0035390 0.1657176 0.1456045 0.1539927 0.0000010 0.1541557 0.1765594 0.0000000 0.1500458 0.2720537 0.2720537 0.2515190 0.1539927 0.1573520 0.1902346 0.1500458 0.1543267 0.1541557 0.1541557 0.1541557 0.1569678 0.1541557 0.1539927 0.1458277 0.1539927 0.1565344 0.1565344 0.1515699 0.1595844 0.1571104 0.1598149 0.1459879 
Buchwaldoboletus_17 0.0432549 0.1171938 0.0397302 0.1865081 0.1095293 0.1052248 0.1025079 0.0425156 0.1804531 0.0418515 0.0812343 0.0545640 0.1858093 0.1156886 0.0213094 0.1500458 0.0000000 0.3170660 0.3170660 0.3115382 0.0414913 0.1054349 0.1267887 0.0000010 0.0415545 0.1052126 0.1075718 0.1052126 0.1095487 0.1075718 0.0414913 0.0478092 0.0513235 0.0438945 0.0438945 0.0419150 0.0446577 0.0401469 0.0407246 0.0452816 
Buchwaldoboletus_18 0.3044952 0.3014799 0.3009503 0.2922404 0.2855276 0.2821512 0.3180377 0.2941090 0.2693787 0.3093992 0.2572480 0.3043199 0.2866533 0.3121899 0.3579375 0.2720537 0.3170660 0.0000000 0.0000010 0.0237617 0.3009901 0.2828335 0.2886888 0.3170660 0.3017281 0.2888825 0.2930962 0.2888825 0.2958392 0.2930962 0.3009901 0.2564571 0.2995593 0.3120628 0.3120628 0.2967997 0.2872816 0.2708479 0.2769485 0.2398393 
Buchwaldoboletus_19 0.3044952 0.3014799 0.3009503 0.2922404 0.2855276 0.2821512 0.3180377 0.2941090 0.2693787 0.3093992 0.2572480 0.3043199 0.2866533 0.3121899 0.3579375 0.2720537 0.3170660 0.0000010 0.0000000 0.0237617 0.3009901 0.2828335 0.2886888 0.3170660 0.3017281 0.2888825 0.2930962 0.2888825 0.2958392 0.2930962 0.3009901 0.2564571 0.2995593 0.3120628 0.3120628 0.2967997 0.2872816 0.2708479 0.2769485 0.2398393 
Buchwaldoboletus_20 0.2991892 0.2892558 0.2956865 0.2771892 0.2738045 0.2704912 0.3151495 0.2958490 0.2550848 0.3037195 0.2406355 0.2990235 0.2716394 0.2923747 0.3517507 0.2515190 0.3115382 0.0237617 0.0237617 0.0000000 0.2957252 0.2711384 0.2851771 0.3115382 0.2964440 0.2770969 0.2812057 0.2770969 0.2839198 0.2812057 0.2957252 0.2491956 0.2942335 0.3065589 0.3065589 0.2915505 0.2820340 0.2605648 0.2663298 0.2328993 
Buchwaldoboletus_21 0.0015390 0.1209129 0.0046383 0.1874338 0.1133327 0.1090909 0.1138081 0.0049411 0.1814030 0.0048684 0.0835792 0.0110264 0.1867482 0.1194577 0.0669808 0.1539927 0.0414913 0.3009901 0.3009901 0.2957252 0.0000000 0.1093044 0.1324141 0.0414913 0.0000010 0.1090786 0.1114104 0.1090786 0.1133524 0.1114104 0.0000010 0.0018261 0.0078983 0.0015599 0.0015599 0.0000010 0.0063858 0.0032472 0.0032907 0.0037932 
Buchwaldoboletus_22 0.1072082 0.0209891 0.1113899 0.1802820 0.0015439 0.0015438 0.0043107 0.1121178 0.1744800 0.1178101 0.0034125 0.1161971 0.1795451 0.0159965 0.1276507 0.1573520 0.1054349 0.2828335 0.2828335 0.2711384 0.1093044 0.0000000 0.1295979 0.1054349 0.1094915 0.0046531 0.0062283 0.0046531 0.0077927 0.0062283 0.1093044 0.0933858 0.1112003 0.1133098 0.1133098 0.1037582 0.1037460 0.0948008 0.0962836 0.0893930 
Buchwaldoboletus_23 0.1300546 0.1423878 0.1324277 0.2031486 0.1317468 0.1317332 0.1381239 0.1276236 0.1967188 0.1257972 0.0966256 0.1421009 0.1983471 0.1447041 0.1586894 0.1902346 0.1267887 0.2886888 0.2886888 0.2851771 0.1324141 0.1295979 0.0000000 0.1267887 0.1324141 0.1317175 0.1344294 0.1317175 0.1341458 0.1344294 0.1324141 0.1160783 0.1368086 0.1353778 0.1353778 0.1263097 0.1291667 0.1048983 0.1027573 0.0910751 
Buchwaldoboletus_24 0.0432549 0.1171938 0.0397302 0.1865081 0.1095293 0.1052248 0.1025079 0.0425156 0.1804531 0.0418515 0.0812343 0.0545640 0.1858093 0.1156886 0.0213094 0.1500458 0.0000010 0.3170660 0.3170660 0.3115382 0.0414913 0.1054349 0.1267887 0.0000000 0.0415545 0.1052126 0.1075718 0.1052126 0.1095487 0.1075718 0.0414913 0.0478092 0.0513235 0.0438945 0.0438945 0.0419150 0.0446577 0.0401469 0.0407246 0.0452816 
Buchwaldoboletus_25 0.0015412 0.1211235 0.0046449 0.1878478 0.1135269 0.1092769 0.1138081 0.0049411 0.1817952 0.0048684 0.0835792 0.0110423 0.1867482 0.1196670 0.0670888 0.1543267 0.0415545 0.3017281 0.3017281 0.2964440 0.0000010 0.1094915 0.1324141 0.0415545 0.0000000 0.1092646 0.1116012 0.1092646 0.1135467 0.1116012 0.0000010 0.0018261 0.0079097 0.0015599 0.0015599 0.0000010 0.0063952 0.0032520 0.0032907 0.0037932 
Buchwaldoboletus_26 0.1069868 0.0160021 0.1111592 0.1769878 0.0030890 0.0030893 0.0000010 0.1098523 0.1712802 0.1155337 0.0000010 0.1159547 0.1762264 0.0110982 0.1296697 0.1541557 0.1052126 0.2888825 0.2888825 0.2770969 0.1090786 0.0046531 0.1317175 0.1052126 0.1092646 0.0000000 0.0015432 0.0000010 0.0030893 0.0015432 0.1090786 0.0909893 0.1109663 0.1130712 0.1130712 0.1035431 0.1035271 0.0945992 0.0960757 0.0893805 
Buchwaldoboletus_27 0.1093054 0.0160021 0.1135040 0.1802755 0.0046527 0.0046533 0.0000010 0.1123284 0.1744735 0.1180314 0.0000010 0.1114614 0.1795385 0.0078811 0.1322437 0.1541557 0.1075718 0.2930962 0.2930962 0.2812057 0.1114104 0.0062283 0.1344294 0.1075718 0.1116012 0.0015432 0.0000000 0.0015432 0.0046533 0.0000010 0.1114104 0.0909893 0.1109663 0.1154655 0.1154655 0.1058531 0.1035271 0.0945992 0.0960757 0.0893805 
Buchwaldoboletus_28 0.1069868 0.0160021 0.1111592 0.1769878 0.0030890 0.0030893 0.0000010 0.1098523 0.1712802 0.1155337 0.0000010 0.1159547 0.1762264 0.0110982 0.1296697 0.1541557 0.1052126 0.2888825 0.2888825 0.2770969 0.1090786 0.0046531 0.1317175 0.1052126 0.1092646 0.0000010 0.0015432 0.0000000 0.0030893 0.0015432 0.1090786 0.0909893 0.1109663 0.1130712 0.1130712 0.1035431 0.1035271 0.0945992 0.0960757 0.0893805 
Buchwaldoboletus_32 0.1112429 0.0192980 0.1154504 0.1798446 0.0062094 0.0062102 0.0021483 0.1143880 0.1740651 0.1200901 0.0034069 0.1203056 0.1791057 0.0143400 0.1343219 0.1569678 0.1095487 0.2958392 0.2958392 0.2839198 0.1133524 0.0077927 0.1341458 0.1095487 0.1135467 0.0030893 0.0046533 0.0030893 0.0000000 0.0046533 0.1133524 0.0957883 0.1153256 0.1174474 0.1174474 0.1077933 0.1078527 0.0989059 0.1004571 0.0943157 
Buchwaldoboletus_33 0.1093054 0.0160021 0.1135040 0.1802755 0.0046527 0.0046533 0.0000010 0.1123284 0.1744735 0.1180314 0.0000010 0.1114614 0.1795385 0.0078811 0.1322437 0.1541557 0.1075718 0.2930962 0.2930962 0.2812057 0.1114104 0.0062283 0.1344294 0.1075718 0.1116012 0.0015432 0.0000010 0.0015432 0.0046533 0.0000000 0.1114104 0.0909893 0.1109663 0.1154655 0.1154655 0.1058531 0.1035271 0.0945992 0.0960757 0.0893805 
Buchwaldoboletus_34 0.0015390 0.1209129 0.0046383 0.1874338 0.1133327 0.1090909 0.1138081 0.0049411 0.1814030 0.0048684 0.0835792 0.0110264 0.1867482 0.1194577 0.0669808 0.1539927 0.0414913 0.3009901 0.3009901 0.2957252 0.0000010 0.1093044 0.1324141 0.0414913 0.0000010 0.1090786 0.1114104 0.1090786 0.1133524 0.1114104 0.0000000 0.0018261 0.0078983 0.0015599 0.0015599 0.0000010 0.0063858 0.0032472 0.0032907 0.0037932 
Buchwaldoboletus_35 0.0036622 0.0957754 0.0055071 0.1465567 0.0957696 0.0910016 0.1084013 0.0055071 0.1449813 0.0055071 0.0838691 0.0036627 0.1461872 0.0909893 0.0742070 0.1458277 0.0478092 0.2564571 0.2564571 0.2491956 0.0018261 0.0933858 0.1160783 0.0478092 0.0018261 0.0909893 0.0909893 0.0909893 0.0957883 0.0909893 0.0018261 0.0000000 0.0036627 0.0018261 0.0018261 0.0018296 0.0055071 0.0055449 0.0055543 0.0057905 
Buchwaldoboletus_36 0.0095008 0.1062508 0.0127247 0.1895818 0.1153052 0.1109790 0.1108585 0.0118512 0.1872857 0.0133771 0.0835792 0.0015635 0.1929132 0.1100488 0.0782958 0.1539927 0.0513235 0.2995593 0.2995593 0.2942335 0.0078983 0.1112003 0.1368086 0.0513235 0.0079097 0.1109663 0.1109663 0.1109663 0.1153256 0.1109663 0.0078983 0.0036627 0.0000000 0.0063571 0.0063571 0.0063071 0.0063875 0.0048831 0.0049489 0.0037932 
Buchwaldoboletus_37 0.0031271 0.1230145 0.0062832 0.1945890 0.1174266 0.1130841 0.1138081 0.0066229 0.1882554 0.0065259 0.0844193 0.0111489 0.1911357 0.1237649 0.0700120 0.1565344 0.0438945 0.3120628 0.3120628 0.3065589 0.0015599 0.1133098 0.1353778 0.0438945 0.0015599 0.1130712 0.1154655 0.1130712 0.1174474 0.1154655 0.0015599 0.0018261 0.0063571 0.0000000 0.0000010 0.0000010 0.0064578 0.0032794 0.0032959 0.0037932 
Buchwaldoboletus_38 0.0031271 0.1230145 0.0062832 0.1945890 0.1174266 0.1130841 0.1138081 0.0066229 0.1882554 0.0065259 0.0844193 0.0111489 0.1911357 0.1237649 0.0700120 0.1565344 0.0438945 0.3120628 0.3120628 0.3065589 0.0015599 0.1133098 0.1353778 0.0438945 0.0015599 0.1130712 0.1154655 0.1130712 0.1174474 0.1154655 0.0015599 0.0018261 0.0063571 0.0000010 0.0000000 0.0000010 0.0064578 0.0032794 0.0032959 0.0037932 
Buchwaldoboletus_39 0.0000010 0.1084020 0.0046826 0.1832225 0.1077746 0.1035549 0.1111441 0.0049913 0.1772632 0.0049179 0.0815849 0.0078790 0.1824991 0.1137807 0.0677080 0.1515699 0.0419150 0.2967997 0.2967997 0.2915505 0.0000010 0.1037582 0.1263097 0.0419150 0.0000010 0.1035431 0.1058531 0.1035431 0.1077933 0.1058531 0.0000010 0.0018296 0.0063071 0.0000010 0.0000010 0.0000000 0.0063968 0.0032527 0.0032965 0.0038009 
Buchwaldoboletus_40 0.0080016 0.1013790 0.0031781 0.1838707 0.1078337 0.1035392 0.1197613 0.0000010 0.1816321 0.0033409 0.0857525 0.0063875 0.1871304 0.1046895 0.0713007 0.1595844 0.0446577 0.2872816 0.2872816 0.2820340 0.0063858 0.1037460 0.1291667 0.0446577 0.0063952 0.1035271 0.1035271 0.1035271 0.1078527 0.1035271 0.0063858 0.0055071 0.0063875 0.0064578 0.0064578 0.0063968 0.0000000 0.0016199 0.0016416 0.0000010 
Buchwaldoboletus_41 0.0048825 0.0967559 0.0000010 0.1581562 0.0988885 0.0946105 0.1124318 0.0000010 0.1562937 0.0000010 0.0880811 0.0048831 0.1608970 0.0945992 0.0624663 0.1571104 0.0401469 0.2708479 0.2708479 0.2605648 0.0032472 0.0948008 0.1048983 0.0401469 0.0032520 0.0945992 0.0945992 0.0945992 0.0989059 0.0945992 0.0032472 0.0055449 0.0048831 0.0032794 0.0032794 0.0032527 0.0016199 0.0000000 0.0000010 0.0000010 
Buchwaldoboletus_42 0.0049483 0.0982698 0.0000010 0.1608970 0.1004392 0.0960874 0.1127030 0.0000010 0.1589676 0.0000010 0.0890157 0.0049489 0.1605323 0.0960757 0.0634150 0.1598149 0.0407246 0.2769485 0.2769485 0.2663298 0.0032907 0.0962836 0.1027573 0.0407246 0.0032907 0.0960757 0.0960757 0.0960757 0.1004571 0.0960757 0.0032907 0.0055543 0.0049489 0.0032959 0.0032959 0.0032965 0.0016416 0.0000010 0.0000000 0.0000010 
Buchwaldoboletus_43 0.0057056 0.0893805 0.0000010 0.1467049 0.0918321 0.0893930 0.1093536 0.0000010 0.1451551 0.0000010 0.0850458 0.0037932 0.1463415 0.0893805 0.0697578 0.1459879 0.0452816 0.2398393 0.2398393 0.2328993 0.0037932 0.0893930 0.0910751 0.0452816 0.0037932 0.0893805 0.0893805 0.0893805 0.0943157 0.0893805 0.0037932 0.0057905 0.0037932 0.0037932 0.0037932 0.0038009 0.0000010 0.0000010 0.0000010 0.0000000 
