21
hynk161|ITS|LC860603.1                                0.0000000 1.0672814 0.0687714 0.0320912 0.0302673 0.0567160 0.0401987 0.0116011 0.0302673 0.0583854 0.0142510 0.0567160 0.0259612 0.4095549 0.0286963 0.0567160 0.0233382 0.0513064 0.0308567 0.0286506 0.3937430 
_R_hkas_116177|ITS|PV715573.1                         1.0672814 0.0000000 1.0980987 1.0465772 1.0410133 1.0471369 1.0758277 1.0801821 1.0344666 1.0400115 1.0771242 1.0471369 1.1012765 1.7757568 1.0344666 1.0396013 1.0559763 1.0503157 1.0414296 1.0344666 1.7387518 
acad21124f|ITS|PV267009.1                             0.0687714 1.0980987 0.0000000 0.0886538 0.0846677 0.1108322 0.0953523 0.0659253 0.0846677 0.1140974 0.0814606 0.1108322 0.0828686 0.4695807 0.0831031 0.1112004 0.0751825 0.1102284 0.0828104 0.0829685 0.4512748 
omdl_inat_186551184|ITS|PQ822159.1                    0.0320912 1.0465772 0.0886538 0.0000000 0.0061924 0.0347139 0.0140485 0.0115820 0.0061924 0.0367865 0.0464237 0.0347139 0.0505548 0.4144185 0.0046478 0.0348236 0.0182382 0.0331082 0.0063098 0.0046406 0.3988692 
mo460798|ITS|ON134047.1                               0.0302673 1.0410133 0.0846677 0.0061924 0.0000000 0.0329014 0.0155250 0.0086735 0.0030723 0.0349344 0.0445014 0.0329014 0.0485657 0.4039182 0.0015373 0.0330048 0.0180766 0.0278049 0.0031299 0.0015349 0.3888379 
jlf11184|ITS|OQ572439.1                               0.0567160 1.0471369 0.1108322 0.0347139 0.0329014 0.0000000 0.0313302 0.0115630 0.0329014 0.0015540 0.0728838 0.0000010 0.0552280 0.4208537 0.0313583 0.0000010 0.0206563 0.0000010 0.0319084 0.0313092 0.4049763 
inaturalist_138139331|ITS|OQ221119.1                  0.0401987 1.0758277 0.0953523 0.0140485 0.0155250 0.0313302 0.0000000 0.0057737 0.0155250 0.0333416 0.0545451 0.0313302 0.0519395 0.4087139 0.0139824 0.0314287 0.0102882 0.0260371 0.0158198 0.0139605 0.3934418 
jlf11130|ITS|OQ211092.1                               0.0116011 1.0801821 0.0659253 0.0115820 0.0086735 0.0115630 0.0057737 0.0000000 0.0115820 0.0115630 0.0116011 0.0115630 0.0086735 0.0975116 0.0086986 0.0115630 0.0000010 0.0115630 0.0115820 0.0086735 0.0903007 
s.d._russell_ont_inaturalist_137600274|ITS|OP749851.1 0.0302673 1.0344666 0.0846677 0.0061924 0.0030723 0.0329014 0.0155250 0.0115820 0.0000000 0.0349344 0.0445014 0.0329014 0.0485657 0.4144185 0.0015373 0.0330048 0.0206867 0.0295690 0.0000010 0.0015349 0.3988692 
jlf11191|ITS|OP616810.1                               0.0583854 1.0400115 0.1140974 0.0367865 0.0349344 0.0015540 0.0333416 0.0115630 0.0349344 0.0000000 0.0755470 0.0015540 0.0576507 0.4360649 0.0333720 0.0015540 0.0206563 0.0017080 0.0339658 0.0333190 0.4190274 
hmjau60691|ITS|OL891492.1                             0.0142510 1.0771242 0.0814606 0.0464237 0.0445014 0.0728838 0.0545451 0.0116011 0.0445014 0.0755470 0.0000000 0.0728838 0.0404036 0.3955290 0.0429447 0.0731207 0.0478612 0.0551982 0.0353351 0.0428765 0.3809260 
inaturalist_93744996|ITS|ON176659.1                   0.0567160 1.0471369 0.1108322 0.0347139 0.0329014 0.0000010 0.0313302 0.0115630 0.0329014 0.0015540 0.0728838 0.0000000 0.0552280 0.4208537 0.0313583 0.0000010 0.0206563 0.0000010 0.0319084 0.0313092 0.4049763 
its199|ITS|KC552019.1                                 0.0259612 1.1012765 0.0828686 0.0505548 0.0485657 0.0552280 0.0519395 0.0086735 0.0485657 0.0576507 0.0404036 0.0552280 0.0000000 0.4013035 0.0469832 0.0554081 0.0233643 0.0505508 0.0461466 0.0469072 0.3862789 
otu832|ITS|MT596375.1                                 0.4095549 1.7757568 0.4695807 0.4144185 0.4039182 0.4208537 0.4087139 0.0975116 0.4144185 0.4360649 0.3955290 0.4208537 0.4013035 0.0000000 0.4091556 0.4245547 0.1128776 0.3677359 0.4144185 0.4091556 0.0000010 
mq18r109_qfb30625|ITS|MN992166.1                      0.0286963 1.0344666 0.0831031 0.0046478 0.0015373 0.0313583 0.0139824 0.0086986 0.0015373 0.0333720 0.0429447 0.0313583 0.0469832 0.4091556 0.0000000 0.0314569 0.0181234 0.0278534 0.0015662 0.0000010 0.3938419 
jlf6880|ITS|MN263012.1                                0.0567160 1.0396013 0.1112004 0.0348236 0.0330048 0.0000010 0.0314287 0.0115630 0.0330048 0.0015540 0.0731207 0.0000010 0.0554081 0.4245547 0.0314569 0.0000000 0.0206563 0.0000010 0.0320103 0.0314075 0.4083989 
jlf5412|ITS|MN263011.1                                0.0233382 1.0559763 0.0751825 0.0182382 0.0180766 0.0206563 0.0102882 0.0000010 0.0206867 0.0206563 0.0478612 0.0206563 0.0233643 0.1128776 0.0181234 0.0206563 0.0000000 0.0138729 0.0213492 0.0180766 0.1046871 
mushroom_observer_250092|ITS|MF583091.2               0.0513064 1.0503157 0.1102284 0.0331082 0.0278049 0.0000010 0.0260371 0.0115630 0.0295690 0.0017080 0.0551982 0.0000010 0.0505508 0.3677359 0.0278534 0.0000010 0.0138729 0.0000000 0.0295690 0.0278049 0.3527887 
jlf5633|ITS|MH191111.1                                0.0308567 1.0414296 0.0828104 0.0063098 0.0031299 0.0319084 0.0158198 0.0115820 0.0000010 0.0339658 0.0353351 0.0319084 0.0461466 0.4144185 0.0015662 0.0320103 0.0213492 0.0295690 0.0000000 0.0015637 0.3988692 
2079_qfb_25901|ITS|KM248941.1                         0.0286506 1.0344666 0.0829685 0.0046406 0.0015349 0.0313092 0.0139605 0.0086735 0.0015349 0.0333190 0.0428765 0.0313092 0.0469072 0.4091556 0.0000010 0.0314075 0.0180766 0.0278049 0.0015637 0.0000000 0.3938419 
135_646|ITS|AB509881.1                                0.3937430 1.7387518 0.4512748 0.3988692 0.3888379 0.4049763 0.3934418 0.0903007 0.3988692 0.4190274 0.3809260 0.4049763 0.3862789 0.0000010 0.3938419 0.4083989 0.1046871 0.3527887 0.3988692 0.3938419 0.0000000 
