227
Neoboletus_001 0.0000000 0.1190755 0.1072932 0.0790441 0.0847840 0.1077081 0.1026110 0.1077081 0.1212436 0.1212436 0.0925728 0.0969644 0.0653515 0.1217807 0.1053060 0.0930481 0.0811968 0.1243943 0.1053060 0.1026110 0.1054619 0.0991362 0.0732933 0.0879736 0.0979844 0.0879179 0.0979844 0.0853346 0.1003396 0.0979844 0.0979844 0.0853346 0.0853346 0.0856378 0.0961712 0.1030157 0.0884715 0.1260581 0.0851913 0.0874444 0.0896411 0.0601039 0.1038058 0.1054619 0.1034201 0.1054619 0.1054619 0.0981768 0.0813812 0.0833584 0.0793636 0.1222515 0.0853022 0.0790639 0.0813369 0.0856908 0.0996020 0.1077081 0.1051993 0.1026110 0.1027960 0.0773664 0.1007286 0.1007286 0.1029986 0.1383239 0.1383239 0.0836898 0.0854873 0.0854873 0.0952792 0.1786717 0.0996020 0.0853154 0.1016102 0.0749604 0.0988881 0.1786717 0.1432386 0.1260581 0.0968330 0.0830120 0.0992059 0.1032050 0.1193957 0.1608893 0.1049914 0.0952792 0.1049914 0.1608893 0.0952792 0.0952792 0.0952792 0.1077081 0.1032898 0.1190755 0.1190755 0.1557696 0.0855941 0.0952792 0.0992059 0.1439904 0.1026110 0.1588825 0.1564998 0.1029986 0.1608893 0.0746492 0.0731397 0.1557696 0.1430161 0.0998680 0.0930893 0.1062241 0.1029986 0.0911582 0.0761640 0.0907396 0.0819821 0.0776214 0.1405502 0.1243943 0.1276017 0.1243943 0.1289488 0.1341715 0.1116112 0.1234660 0.0876607 0.1336557 0.1096236 0.1030359 0.0785358 0.2492258 0.0855109 0.2027041 0.0970072 0.1012415 0.0929130 0.0853022 0.1077515 0.1077515 0.0826713 0.0810022 0.0815160 0.0950645 0.0653515 0.0924106 0.0851913 0.0851913 0.0930481 0.0983633 0.0889425 0.1585110 0.1032050 0.1294193 0.1516827 0.1526492 0.1516827 0.1516827 0.1243943 0.0017029 0.0990685 0.1296462 0.0990685 0.1342061 0.1405099 0.1294193 0.0983633 0.0512622 0.0992059 0.0893291 0.0819821 0.0848721 1.8475105 0.0956348 0.0859149 0.0908665 0.0887279 0.1260581 0.0756756 0.0811968 0.0992059 0.1436525 0.0650085 0.0814910 0.0683369 0.0683369 0.0675857 0.0816768 0.0072478 0.0069794 0.0069103 0.0070113 0.0068892 0.0853022 0.0853022 0.1247484 0.1400600 0.0853022 0.0828788 0.1587930 0.0867238 0.0914696 0.0818169 0.0819821 0.0845558 0.0868356 0.0893291 0.0848670 0.0803944 0.0513326 0.0665750 0.0917183 1.8936661 0.0993202 0.2731161 0.2198040 0.0876607 0.2512714 0.2205765 0.3039272 0.1542308 0.1439148 0.0798065 0.0776214 0.0853022 
Neoboletus_002 0.1190755 0.0000000 0.0950702 0.1185448 0.1235002 0.1130250 0.1077310 0.1130250 0.1349300 0.1349300 0.1212466 0.1260630 0.1050974 0.1249025 0.1105358 0.1327279 0.1136886 0.0978251 0.1105358 0.1077310 0.1128397 0.0894833 0.1259196 0.1070879 0.1058941 0.1217268 0.1052795 0.1086756 0.1077310 0.1080092 0.1052795 0.1070688 0.1115543 0.1089023 0.1086756 0.1180741 0.1005149 0.1345250 0.1180197 0.1154798 0.1230069 0.1060000 0.1184542 0.1128397 0.1106982 0.1128397 0.1128397 0.1054922 0.1212689 0.1160957 0.1144588 0.1195335 0.1119408 0.1065296 0.1209737 0.1184087 0.1359558 0.1132676 0.1142922 0.1104817 0.1095082 0.1113935 0.1102461 0.1102461 0.1081496 0.1861858 0.1861858 0.1239313 0.1173054 0.1173054 0.1300581 0.1646577 0.1359558 0.1294907 0.0942703 0.0743446 0.1111055 0.1646577 0.1545338 0.1365665 0.0894833 0.1371490 0.0918614 0.1267130 0.0017500 0.1368290 0.1101971 0.1325997 0.1101971 0.1368290 0.1361943 0.1361943 0.1305973 0.1134808 0.1093278 0.0000010 0.0017464 0.1320213 0.1400301 0.1344703 0.0918614 0.1668137 0.1109113 0.1295040 0.1272580 0.1081496 0.1435233 0.0995202 0.1338940 0.1320213 0.1388235 0.1138871 0.1378738 0.0019794 0.1119376 0.1336108 0.1295872 0.1431382 0.1202569 0.1256541 0.1273728 0.0980314 0.1007843 0.0918185 0.1196716 0.1222451 0.1218687 0.1235351 0.1168963 0.1414291 0.0974297 0.1081893 0.1080990 0.2642807 0.1122187 0.1771497 0.0825025 0.1151616 0.1035049 0.1119408 0.1219472 0.1195819 0.1108038 0.1066136 0.1073440 0.1275663 0.1050974 0.1228536 0.1180197 0.1180197 0.1327279 0.1029242 0.1346027 0.1294465 0.1267130 0.1004403 0.1864065 0.1723954 0.1774472 0.1864065 0.1039919 0.1200439 0.1068449 0.1319425 0.1089749 0.1151152 0.1112181 0.1004403 0.1035237 0.0906491 0.0934572 0.1255616 0.1202569 0.1313750 1.9409343 0.1357857 0.0964334 0.0948046 0.1056586 0.1345250 0.1157615 0.1136886 0.0932156 0.1432971 0.1107274 0.1174193 0.1119705 0.1122113 0.1183654 0.1176063 0.1246832 0.1228778 0.1226149 0.1226149 0.1215306 0.1084507 0.1084507 0.1296314 0.1575811 0.1145113 0.1180715 0.1402910 0.1253205 0.1228423 0.1092679 0.1205206 0.1202569 0.1227553 0.1255616 0.1262740 0.1907172 0.1049644 0.1255769 0.0686799 2.0700619 0.1307950 0.2273870 0.1579012 0.1144283 0.1703697 0.1736562 0.2748214 0.1450146 0.1468485 0.1284667 0.1259310 0.1157428 
Neoboletus_003 0.1072932 0.0950702 0.0000000 0.0880218 0.1009113 0.0831122 0.0790202 0.0831122 0.1327077 0.1327077 0.1155420 0.1174377 0.0781859 0.1280177 0.0811603 0.0985761 0.0899729 0.0215080 0.0811603 0.0790202 0.0767965 0.0793393 0.0949765 0.0712344 0.0752382 0.0876401 0.0752382 0.0764054 0.0771568 0.0768233 0.0752382 0.0775146 0.0791082 0.0724347 0.0793126 0.0866749 0.1017930 0.1347244 0.0918911 0.0939142 0.0998338 0.0723767 0.0785761 0.0767965 0.0750795 0.0749325 0.0749325 0.0753602 0.0901338 0.0919115 0.0867355 0.1235314 0.0929617 0.0880608 0.0900162 0.0939004 0.1302112 0.0831122 0.0826817 0.0817177 0.0794069 0.0610202 0.0793576 0.0793576 0.0792685 0.1377580 0.1377580 0.0922141 0.0960113 0.0982197 0.0995205 0.1546132 0.1302112 0.1094125 0.0813456 0.0621537 0.0835441 0.1546132 0.1377475 0.1352187 0.0774509 0.0915863 0.0793875 0.1072463 0.0952990 0.1478883 0.0809568 0.0995429 0.0809568 0.1478883 0.0975252 0.0975252 0.0975252 0.0831122 0.0794565 0.0950702 0.0950702 0.1434827 0.1100617 0.0993382 0.0793875 0.1761728 0.0803867 0.1440665 0.1420057 0.0792685 0.1528683 0.0752070 0.0834317 0.1434827 0.1422405 0.0822675 0.0965575 0.0732996 0.0808239 0.0974127 0.0819422 0.1010438 0.0962760 0.0927706 0.1226682 0.0215433 0.0232021 0.0192934 0.1071225 0.1092378 0.1172869 0.1415608 0.0949491 0.1208921 0.0014821 0.0792948 0.0891471 0.2701600 0.0933093 0.2011118 0.0694305 0.0823962 0.0773405 0.0950926 0.0755669 0.0765386 0.0708825 0.0642358 0.0644769 0.1165934 0.0781859 0.1168369 0.0918911 0.0918911 0.0985761 0.0754823 0.1032691 0.1434471 0.1072463 0.0247496 0.1548667 0.1434283 0.1476252 0.1548667 0.0264644 0.1072950 0.1008636 0.1282335 0.1002016 0.0870293 0.0840744 0.0247496 0.0754823 0.0581010 0.0795881 0.1029293 0.0962760 0.0870117 1.8012799 0.1008905 0.0718412 0.0822667 0.1063375 0.1347244 0.0944040 0.0899729 0.0803544 0.1385030 0.0902961 0.0923961 0.0806111 0.0807521 0.0846678 0.0849671 0.0938403 0.1049643 0.1125688 0.1007668 0.1117416 0.0865104 0.0866587 0.1412823 0.1484476 0.0971728 0.1066242 0.1562479 0.1005570 0.1048268 0.0945530 0.0964530 0.0986270 0.1006715 0.1029293 0.0935261 0.1357639 0.0813451 0.0982857 0.0170835 1.9019326 0.1218131 0.2851500 0.2032463 0.0950319 0.2467263 0.2540176 0.3521457 0.1431682 0.0685542 0.0967503 0.0947564 0.0971728 
Neoboletus_004 0.0790441 0.1185448 0.0880218 0.0000000 0.0454757 0.0798514 0.0758587 0.0798514 0.1408993 0.1408993 0.0341378 0.0357146 0.0163469 0.1042359 0.0779436 0.0601524 0.0074005 0.0927086 0.0779436 0.0758587 0.0969378 0.0768911 0.0377054 0.0728745 0.0724948 0.0806158 0.0721594 0.0713048 0.0740350 0.0718027 0.0721594 0.0727995 0.0721835 0.0716395 0.0741946 0.0813895 0.0823775 0.1452512 0.0150289 0.0165746 0.0150390 0.0068666 0.0985721 0.0969378 0.0951657 0.0988860 0.0988860 0.0722751 0.0014710 0.0088969 0.0014781 0.0976034 0.0395478 0.0089004 0.0029455 0.0074125 0.0574476 0.0799898 0.0800491 0.0768751 0.0768561 0.0706645 0.0767523 0.0767523 0.0760925 0.1403361 0.1403361 0.0029511 0.0410433 0.0428749 0.0622977 0.1507626 0.0574476 0.0511076 0.0788709 0.0493905 0.0782958 0.1507626 0.1474977 0.1471493 0.0750250 0.0584803 0.0769375 0.0844330 0.1163775 0.1450300 0.0777517 0.0623107 0.0777517 0.1450300 0.0644659 0.0644659 0.0607342 0.0801083 0.0767522 0.1185448 0.1160957 0.1453554 0.0145786 0.0620732 0.0769375 0.1765852 0.0776399 0.1436172 0.1415887 0.0760925 0.1513412 0.0770234 0.0471526 0.1453554 0.1369495 0.0777712 0.0601274 0.0971254 0.0782125 0.0571325 0.0490323 0.0602405 0.0418392 0.0359860 0.1247629 0.0928728 0.0951552 0.0899596 0.1145533 0.1188369 0.1299095 0.1416653 0.0413143 0.1170049 0.0899729 0.0761176 0.0484283 0.2070057 0.0396809 0.2060761 0.0754959 0.0883346 0.0811156 0.0413087 0.1036188 0.1019644 0.0876645 0.0672820 0.0676554 0.0372322 0.0163469 0.0344675 0.0119767 0.0119767 0.0601524 0.0723893 0.0580647 0.1453198 0.0844330 0.0969007 0.1554934 0.1440117 0.1482232 0.1554934 0.0998408 0.0778405 0.1102792 0.1281465 0.1095528 0.1033311 0.1017441 0.0969007 0.0727269 0.0077871 0.0777369 0.0471823 0.0418392 0.0556176 1.7224920 0.0620797 0.0756032 0.0777786 0.0842294 0.1452512 0.0093362 0.0074005 0.0778660 0.1431436 0.0061501 0.0060435 0.0062448 0.0062538 0.0062857 0.0048044 0.0662091 0.0674195 0.0745303 0.0636377 0.0740099 0.0368847 0.0369403 0.1374006 0.0815523 0.0413087 0.0487679 0.1511409 0.0453328 0.0488420 0.0382737 0.0419090 0.0436667 0.0470876 0.0471823 0.0435383 0.0615438 0.0324886 0.0462730 0.0600749 1.9219982 0.0616919 0.2833590 0.2031069 0.0412838 0.2597019 0.2322914 0.3295460 0.1434721 0.1661483 0.0376887 0.0360446 0.0416430 
Neoboletus_005 0.0847840 0.1235002 0.1009113 0.0454757 0.0000000 0.0783611 0.0742809 0.0783611 0.1241573 0.1241573 0.0477104 0.0493896 0.0330096 0.1188694 0.0764096 0.0547481 0.0471984 0.1080631 0.0764096 0.0742809 0.1063407 0.0712266 0.0236547 0.0732685 0.0708332 0.0812400 0.0704974 0.0694388 0.0724151 0.0719924 0.0704974 0.0731908 0.0725532 0.0697724 0.0724747 0.0818439 0.0795073 0.1260946 0.0509261 0.0527108 0.0544681 0.0392315 0.1107449 0.1063407 0.1044981 0.1083839 0.1083839 0.0706128 0.0472779 0.0489178 0.0440739 0.1142050 0.0260153 0.0420775 0.0489763 0.0542330 0.0640935 0.0785004 0.0785264 0.0775057 0.0752817 0.0652548 0.0770820 0.0770820 0.0745151 0.1455886 0.1455886 0.0490700 0.0269869 0.0287555 0.0604811 0.1469868 0.0640935 0.0381639 0.0732216 0.0565060 0.0746689 0.1469868 0.1484284 0.1277469 0.0693403 0.0602516 0.0712706 0.0888578 0.1212846 0.1444882 0.0762169 0.0604941 0.0762169 0.1444882 0.0626886 0.0626886 0.0588761 0.0786196 0.0751772 0.1235002 0.1235002 0.1401256 0.0673639 0.0602074 0.0712706 0.1776565 0.0760695 0.1406919 0.1386484 0.0745151 0.1508395 0.0729899 0.0467121 0.1401256 0.1411301 0.0781437 0.0582736 0.0962476 0.0766444 0.0551829 0.0486269 0.0601648 0.0030213 0.0219863 0.1249445 0.1082632 0.1107338 0.1108320 0.1077175 0.1120573 0.1209466 0.1427290 0.0311098 0.1135746 0.0988839 0.0745405 0.0125067 0.1835864 0.0261014 0.2171138 0.0717158 0.0802570 0.0730976 0.0277175 0.1112385 0.1118926 0.0945829 0.0631073 0.0634647 0.0501864 0.0330096 0.0481978 0.0509261 0.0509261 0.0547481 0.0707272 0.0506989 0.1400911 0.0888578 0.1125556 0.1639684 0.1519829 0.1563591 0.1639684 0.1158234 0.0765769 0.1069312 0.1259587 0.1062043 0.1299562 0.1297247 0.1125556 0.0710652 0.0359678 0.0718917 0.0030326 0.0030213 0.0500721 1.7368666 0.0566891 0.0694807 0.0698709 0.0834176 0.1260946 0.0424760 0.0471984 0.0721462 0.1439307 0.0385733 0.0483764 0.0408837 0.0409494 0.0431294 0.0458789 0.0664148 0.0698188 0.0771742 0.0658920 0.0766168 0.0262004 0.0262395 0.1383530 0.0680940 0.0294113 0.0330706 0.1554541 0.0015096 0.0045537 0.0246246 0.0030261 0.0045537 0.0076199 0.0030326 0.0291421 0.0542988 0.0248250 0.0383077 0.0870789 2.0641551 0.0476344 0.3036366 0.2224909 0.0277010 0.2913600 0.2687366 0.3534868 0.1550092 0.1865747 0.0252745 0.0236451 0.0296466 
Neoboletus_006 0.1077081 0.1130250 0.0831122 0.0798514 0.0783611 0.0000000 0.0029566 0.0000010 0.1319197 0.1319197 0.0981708 0.0979485 0.0771445 0.1249473 0.0014712 0.0962464 0.0817201 0.0892199 0.0014712 0.0029566 0.0985653 0.0452674 0.0713017 0.0080952 0.0059656 0.0142986 0.0059414 0.0061520 0.0074459 0.0060508 0.0059414 0.0080877 0.0063898 0.0061768 0.0076267 0.0137832 0.0985497 0.1362038 0.0840429 0.0859887 0.0916937 0.0739266 0.1023454 0.0985653 0.0967952 0.1005140 0.1005140 0.0044414 0.0818613 0.0835782 0.0785670 0.1204073 0.0747948 0.0798858 0.0836838 0.0893905 0.1040233 0.0000010 0.0000029 0.0030663 0.0014914 0.0037975 0.0015220 0.0015220 0.0000028 0.1464706 0.1464706 0.0838455 0.0778454 0.0799317 0.1028107 0.1420421 0.1040233 0.0895274 0.0470436 0.0039523 0.0076548 0.1420421 0.1391111 0.1379675 0.0435599 0.1072126 0.0452941 0.0866751 0.1132676 0.1536613 0.0014743 0.1028334 0.0014743 0.1536613 0.1054902 0.1054902 0.1011850 0.0000010 0.0000029 0.1130250 0.1154172 0.1540102 0.1312496 0.1035890 0.0452941 0.1857404 0.0030173 0.1498977 0.1478420 0.0000028 0.1604448 0.0796792 0.0900021 0.1540102 0.1505928 0.0170469 0.0962043 0.0852966 0.0000029 0.0931595 0.0872154 0.0974682 0.0741594 0.0693053 0.1167796 0.0893758 0.0915972 0.0884010 0.0975654 0.1016660 0.1245753 0.1391144 0.0807093 0.1174773 0.0812272 0.0014790 0.0671497 0.2462496 0.0750644 0.2112300 0.0416979 0.0613167 0.0551233 0.0767917 0.1029207 0.1036387 0.0956519 0.0063272 0.0063594 0.1008471 0.0771445 0.1012736 0.0840429 0.0840429 0.0962464 0.0029659 0.1007645 0.1492194 0.0866751 0.0933112 0.1591957 0.1477071 0.1519122 0.1591957 0.0961553 0.1067836 0.1083184 0.1219861 0.1105576 0.1053446 0.1017090 0.0933112 0.0029780 0.0533304 0.0450514 0.0802438 0.0741594 0.0877296 1.6962110 0.0984965 0.0478575 0.0468314 0.1029514 0.1362038 0.0863521 0.0817201 0.0458136 0.1347990 0.0816578 0.0838461 0.0785842 0.0787182 0.0834635 0.0810513 0.0898867 0.0937685 0.1012093 0.0897058 0.1004785 0.0745041 0.0746279 0.1431553 0.1261198 0.0787496 0.0874956 0.1595275 0.0780976 0.0820389 0.0738035 0.0742901 0.0762838 0.0781838 0.0802438 0.0727597 0.1496986 0.0886908 0.1056294 0.0712268 1.8515151 0.1055104 0.3023466 0.2366705 0.0767433 0.2568701 0.2374128 0.3421745 0.1520111 0.1660335 0.0731177 0.0712678 0.0794395 
Neoboletus_007 0.1026110 0.1077310 0.0790202 0.0758587 0.0742809 0.0029566 0.0000000 0.0029566 0.1271092 0.1271092 0.0939191 0.0937079 0.0728495 0.1201647 0.0014745 0.0920166 0.0777054 0.0851191 0.0014745 0.0000010 0.0942936 0.0417129 0.0673747 0.0048189 0.0029612 0.0110355 0.0029492 0.0030529 0.0044352 0.0030032 0.0029492 0.0048144 0.0031700 0.0030651 0.0045421 0.0106409 0.0940435 0.1313478 0.0799820 0.0819029 0.0875418 0.0694077 0.0978032 0.0942936 0.0925371 0.0962200 0.0962200 0.0029531 0.0778398 0.0795425 0.0745635 0.1156114 0.0706506 0.0758911 0.0796430 0.0852816 0.0994739 0.0029612 0.0015093 0.0000010 0.0000029 0.0037878 0.0000029 0.0000029 0.0000028 0.1410884 0.1410884 0.0797955 0.0735097 0.0755672 0.0984783 0.1366282 0.0994739 0.0852498 0.0434641 0.0000010 0.0045587 0.1366282 0.1341326 0.1330365 0.0400253 0.1025818 0.0417373 0.0825504 0.1079606 0.1482700 0.0014714 0.0985000 0.0014714 0.1482700 0.1011025 0.1011025 0.0968584 0.0029649 0.0014864 0.1077310 0.1100905 0.1486046 0.1222404 0.0991426 0.0417373 0.1752371 0.0000010 0.1445252 0.1424861 0.0000028 0.1547671 0.0750065 0.0856094 0.1486046 0.1450322 0.0138432 0.0919766 0.0798381 0.0015113 0.0889349 0.0827043 0.0930983 0.0701492 0.0654099 0.1121516 0.0852671 0.0874503 0.0840980 0.0932665 0.0973145 0.1195069 0.1330474 0.0764904 0.1126683 0.0771568 0.0000028 0.0618500 0.2394264 0.0709034 0.2043845 0.0379083 0.0573392 0.0512596 0.0726208 0.0984286 0.0991895 0.0911212 0.0031392 0.0031551 0.0962136 0.0728495 0.0969431 0.0799820 0.0799820 0.0920166 0.0000028 0.0963824 0.1438752 0.0825504 0.0891523 0.1537865 0.1424230 0.1465945 0.1537865 0.0919272 0.1023332 0.1028793 0.1171131 0.1050983 0.1008091 0.0973557 0.0891523 0.0000028 0.0485722 0.0413852 0.0761423 0.0701492 0.0835516 1.6930390 0.0942293 0.0440794 0.0431425 0.0982985 0.1313478 0.0820762 0.0777054 0.0422126 0.1298671 0.0774728 0.0797121 0.0743954 0.0745210 0.0791706 0.0767157 0.0853103 0.0894262 0.0968043 0.0854149 0.0961100 0.0700632 0.0701785 0.1374475 0.1211383 0.0745545 0.0831580 0.1540400 0.0740338 0.0779218 0.0696217 0.0702721 0.0722369 0.0741141 0.0761423 0.0687420 0.1394592 0.0821077 0.0986552 0.0663901 1.8473494 0.1003400 0.2945622 0.2278042 0.0725751 0.2476889 0.2307656 0.3340937 0.1458511 0.1607513 0.0691713 0.0673432 0.0752026 
Neoboletus_008 0.1077081 0.1130250 0.0831122 0.0798514 0.0783611 0.0000010 0.0029566 0.0000000 0.1319197 0.1319197 0.0981708 0.0979485 0.0771445 0.1249473 0.0014712 0.0962464 0.0817201 0.0892199 0.0014712 0.0029566 0.0985653 0.0452674 0.0713017 0.0080952 0.0059656 0.0142986 0.0059414 0.0061520 0.0074459 0.0060508 0.0059414 0.0080877 0.0063898 0.0061768 0.0076267 0.0137832 0.0985497 0.1362038 0.0840429 0.0859887 0.0916937 0.0739266 0.1023454 0.0985653 0.0967952 0.1005140 0.1005140 0.0044414 0.0818613 0.0835782 0.0785670 0.1204073 0.0747948 0.0798858 0.0836838 0.0893905 0.1040233 0.0000010 0.0000029 0.0030663 0.0014914 0.0037975 0.0015220 0.0015220 0.0000028 0.1464706 0.1464706 0.0838455 0.0778454 0.0799317 0.1028107 0.1420421 0.1040233 0.0895274 0.0470436 0.0039523 0.0076548 0.1420421 0.1391111 0.1379675 0.0435599 0.1072126 0.0452941 0.0866751 0.1132676 0.1536613 0.0014743 0.1028334 0.0014743 0.1536613 0.1054902 0.1054902 0.1011850 0.0000010 0.0000029 0.1130250 0.1154172 0.1540102 0.1312496 0.1035890 0.0452941 0.1857404 0.0030173 0.1498977 0.1478420 0.0000028 0.1604448 0.0796792 0.0900021 0.1540102 0.1505928 0.0170469 0.0962043 0.0852966 0.0000029 0.0931595 0.0872154 0.0974682 0.0741594 0.0693053 0.1167796 0.0893758 0.0915972 0.0884010 0.0975654 0.1016660 0.1245753 0.1391144 0.0807093 0.1174773 0.0812272 0.0014790 0.0671497 0.2462496 0.0750644 0.2112300 0.0416979 0.0613167 0.0551233 0.0767917 0.1029207 0.1036387 0.0956519 0.0063272 0.0063594 0.1008471 0.0771445 0.1012736 0.0840429 0.0840429 0.0962464 0.0029659 0.1007645 0.1492194 0.0866751 0.0933112 0.1591957 0.1477071 0.1519122 0.1591957 0.0961553 0.1067836 0.1083184 0.1219861 0.1105576 0.1053446 0.1017090 0.0933112 0.0029780 0.0533304 0.0450514 0.0802438 0.0741594 0.0877296 1.6962110 0.0984965 0.0478575 0.0468314 0.1029514 0.1362038 0.0863521 0.0817201 0.0458136 0.1347990 0.0816578 0.0838461 0.0785842 0.0787182 0.0834635 0.0810513 0.0898867 0.0937685 0.1012093 0.0897058 0.1004785 0.0745041 0.0746279 0.1431553 0.1261198 0.0787496 0.0874956 0.1595275 0.0780976 0.0820389 0.0738035 0.0742901 0.0762838 0.0781838 0.0802438 0.0727597 0.1496986 0.0886908 0.1056294 0.0712268 1.8515151 0.1055104 0.3023466 0.2366705 0.0767433 0.2568701 0.2374128 0.3421745 0.1520111 0.1660335 0.0731177 0.0712678 0.0794395 
Neoboletus_009 0.1212436 0.1349300 0.1327077 0.1408993 0.1241573 0.1319197 0.1271092 0.1319197 0.0000000 0.0000010 0.1610648 0.1561154 0.1272698 0.1465538 0.1296803 0.1576723 0.1387290 0.1448267 0.1296803 0.1271092 0.1349153 0.1162457 0.1316494 0.1263003 0.1234306 0.1363212 0.1228000 0.1259868 0.1250016 0.1255872 0.1228000 0.1282503 0.1297902 0.1243470 0.1287747 0.1368996 0.0915698 0.0014781 0.1398894 0.1421676 0.1443629 0.1196237 0.1410411 0.1349153 0.1330576 0.1370250 0.1370250 0.1230188 0.1433816 0.1408993 0.1376343 0.1421545 0.1189603 0.1322664 0.1432002 0.1475555 0.1631828 0.1321672 0.1335385 0.1308191 0.1289525 0.1150850 0.1300489 0.1300489 0.1275454 0.1768834 0.1768834 0.1435943 0.1219471 0.1243475 0.1622989 0.1801327 0.1631828 0.1463045 0.1185041 0.1036758 0.1271074 0.1801327 0.1706905 0.0029926 0.1141568 0.1608913 0.1163160 0.1359195 0.1327075 0.1512495 0.1293310 0.1623369 0.1293310 0.1512495 0.1657332 0.1657332 0.1606154 0.1323858 0.1287669 0.1349300 0.1349300 0.1468532 0.1725248 0.1647839 0.1163160 0.1791134 0.1304013 0.1474475 0.1453943 0.1275454 0.1554571 0.1243051 0.1460392 0.1468532 0.1455363 0.1281557 0.1530822 0.1090120 0.1314564 0.1511648 0.1448172 0.1575843 0.1235099 0.1291505 0.1465955 0.1450971 0.1478259 0.1505343 0.1309371 0.1309168 0.1194297 0.1407493 0.1257185 0.1389610 0.1305866 0.1275839 0.1166077 0.2897010 0.1194247 0.2156465 0.1129486 0.1341122 0.1231444 0.1212571 0.1389511 0.1392898 0.1321754 0.1204756 0.1212032 0.1583028 0.1272698 0.1654127 0.1398894 0.1398894 0.1576723 0.1232286 0.1552374 0.1468170 0.1359195 0.1452140 0.1921474 0.1825058 0.1868949 0.1921474 0.1512722 0.1171592 0.1283617 0.1485920 0.1275017 0.1693693 0.1677230 0.1452140 0.1238636 0.1140886 0.1164530 0.1261892 0.1235099 0.1384216 1.8105403 0.1604713 0.1170463 0.1185649 0.0957369 0.0014781 0.1403776 0.1387290 0.1178194 0.1638704 0.1344444 0.1427175 0.1313796 0.1316308 0.1373026 0.1380367 0.1130217 0.1199311 0.1255052 0.1155331 0.1245598 0.1189056 0.1191226 0.1472962 0.1796542 0.1234880 0.1338399 0.1619681 0.1236107 0.1281662 0.1161123 0.1237444 0.1261050 0.1261050 0.1261892 0.1368593 0.1999833 0.1227157 0.1419401 0.1174878 1.9486526 0.1572870 0.3533005 0.2712190 0.1211805 0.3039139 0.2949425 0.3653270 0.1973059 0.2132996 0.1337736 0.1315797 0.1246655 
Neoboletus_010 0.1212436 0.1349300 0.1327077 0.1408993 0.1241573 0.1319197 0.1271092 0.1319197 0.0000010 0.0000000 0.1610648 0.1561154 0.1272698 0.1465538 0.1296803 0.1576723 0.1387290 0.1448267 0.1296803 0.1271092 0.1349153 0.1162457 0.1316494 0.1263003 0.1234306 0.1363212 0.1228000 0.1259868 0.1250016 0.1255872 0.1228000 0.1282503 0.1297902 0.1243470 0.1287747 0.1368996 0.0915698 0.0014781 0.1398894 0.1421676 0.1443629 0.1196237 0.1410411 0.1349153 0.1330576 0.1370250 0.1370250 0.1230188 0.1433816 0.1408993 0.1376343 0.1421545 0.1189603 0.1322664 0.1432002 0.1475555 0.1631828 0.1321672 0.1335385 0.1308191 0.1289525 0.1150850 0.1300489 0.1300489 0.1275454 0.1768834 0.1768834 0.1435943 0.1219471 0.1243475 0.1622989 0.1801327 0.1631828 0.1463045 0.1185041 0.1036758 0.1271074 0.1801327 0.1706905 0.0029926 0.1141568 0.1608913 0.1163160 0.1359195 0.1327075 0.1512495 0.1293310 0.1623369 0.1293310 0.1512495 0.1657332 0.1657332 0.1606154 0.1323858 0.1287669 0.1349300 0.1349300 0.1468532 0.1725248 0.1647839 0.1163160 0.1791134 0.1304013 0.1474475 0.1453943 0.1275454 0.1554571 0.1243051 0.1460392 0.1468532 0.1455363 0.1281557 0.1530822 0.1090120 0.1314564 0.1511648 0.1448172 0.1575843 0.1235099 0.1291505 0.1465955 0.1450971 0.1478259 0.1505343 0.1309371 0.1309168 0.1194297 0.1407493 0.1257185 0.1389610 0.1305866 0.1275839 0.1166077 0.2897010 0.1194247 0.2156465 0.1129486 0.1341122 0.1231444 0.1212571 0.1389511 0.1392898 0.1321754 0.1204756 0.1212032 0.1583028 0.1272698 0.1654127 0.1398894 0.1398894 0.1576723 0.1232286 0.1552374 0.1468170 0.1359195 0.1452140 0.1921474 0.1825058 0.1868949 0.1921474 0.1512722 0.1171592 0.1283617 0.1485920 0.1275017 0.1693693 0.1677230 0.1452140 0.1238636 0.1140886 0.1164530 0.1261892 0.1235099 0.1384216 1.8105403 0.1604713 0.1170463 0.1185649 0.0957369 0.0014781 0.1403776 0.1387290 0.1178194 0.1638704 0.1344444 0.1427175 0.1313796 0.1316308 0.1373026 0.1380367 0.1130217 0.1199311 0.1255052 0.1155331 0.1245598 0.1189056 0.1191226 0.1472962 0.1796542 0.1234880 0.1338399 0.1619681 0.1236107 0.1281662 0.1161123 0.1237444 0.1261050 0.1261050 0.1261892 0.1368593 0.1999833 0.1227157 0.1419401 0.1174878 1.9486526 0.1572870 0.3533005 0.2712190 0.1211805 0.3039139 0.2949425 0.3653270 0.1973059 0.2132996 0.1337736 0.1315797 0.1246655 
Neoboletus_011 0.0925728 0.1212466 0.1155420 0.0341378 0.0477104 0.0981708 0.0939191 0.0981708 0.1610648 0.1610648 0.0000000 0.0029493 0.0000010 0.1264045 0.0961590 0.0643399 0.0325265 0.1202289 0.0961590 0.0939191 0.1288749 0.0912488 0.0431856 0.0791198 0.0904616 0.0888846 0.0900300 0.0792257 0.0920079 0.0919451 0.0900300 0.0811119 0.0804176 0.0776167 0.0885783 0.0940225 0.0927867 0.1655908 0.0326919 0.0343384 0.0359701 0.0174806 0.1324012 0.1288749 0.1270263 0.1309638 0.1309638 0.0901797 0.0325789 0.0341378 0.0295105 0.1197551 0.0489704 0.0309271 0.0341763 0.0390890 0.0655171 0.0983449 0.0988341 0.0956465 0.0951922 0.0804311 0.0974740 0.0974740 0.0942191 0.1333856 0.1333856 0.0342392 0.0508678 0.0527729 0.0776804 0.1650645 0.0655171 0.0608074 0.0933258 0.0714451 0.0929206 0.1650645 0.1579847 0.1678111 0.0893060 0.0624284 0.0913040 0.1092908 0.1166083 0.1474330 0.0959152 0.0776970 0.0959152 0.1474330 0.0800368 0.0800368 0.0760930 0.0984958 0.0950620 0.1212466 0.1187800 0.1430963 0.0362129 0.0778193 0.0913040 0.1666206 0.0961918 0.1436689 0.1416402 0.0942191 0.1538621 0.0839519 0.0473001 0.1430963 0.1293821 0.0963584 0.0715740 0.0944972 0.0969219 0.0685452 0.0491913 0.0738905 0.0475299 0.0448420 0.1366693 0.1204482 0.1229667 0.1187981 0.1285481 0.1329990 0.1429441 0.1383970 0.0544158 0.1266951 0.1134919 0.0942490 0.0586537 0.2241265 0.0491382 0.2027752 0.0929805 0.0905861 0.0835939 0.0507995 0.1374848 0.1352004 0.1068503 0.0733018 0.0737115 0.0000020 0.0000010 0.0000029 0.0326919 0.0326919 0.0643399 0.0903254 0.0660421 0.1430613 0.1092908 0.1247726 0.1510135 0.1395896 0.1437902 0.1510135 0.1281632 0.0916407 0.1051223 0.1284942 0.1044338 0.1349106 0.1366630 0.1247726 0.0907599 0.0137706 0.0926170 0.0530326 0.0475299 0.0670853 1.7921003 0.0663152 0.0777536 0.0864750 0.0928354 0.1655908 0.0291000 0.0325265 0.0924325 0.1533828 0.0188617 0.0316540 0.0191450 0.0191735 0.0192732 0.0319690 0.0807219 0.0830483 0.0903198 0.0791128 0.0916101 0.0468762 0.0469491 0.1343974 0.0929769 0.0507995 0.0548466 0.1668639 0.0511208 0.0547267 0.0477609 0.0476105 0.0494194 0.0529251 0.0530326 0.0510590 0.0695766 0.0353415 0.0493475 0.0888015 2.0253821 0.0689522 0.3034273 0.2032071 0.0507683 0.2709211 0.2413366 0.3439950 0.1487728 0.1948987 0.0466165 0.0449163 0.0512210 
Neoboletus_012 0.0969644 0.1260630 0.1174377 0.0357146 0.0493896 0.0979485 0.0937079 0.0979485 0.1561154 0.1561154 0.0029493 0.0000000 0.0032074 0.1286853 0.0959417 0.0697092 0.0340994 0.1221142 0.0959417 0.0937079 0.1307821 0.0910415 0.0448158 0.0789303 0.0902579 0.0886747 0.0898283 0.0790436 0.0918013 0.0917348 0.0898283 0.0809174 0.0802255 0.0774377 0.0883752 0.0938068 0.0946623 0.1606014 0.0342722 0.0359237 0.0375594 0.0192456 0.1344183 0.1307821 0.1289327 0.1328754 0.1328754 0.0899762 0.0341544 0.0357146 0.0310860 0.1220357 0.0506938 0.0324956 0.0357549 0.0406805 0.0672850 0.0981218 0.0986038 0.0954236 0.0949741 0.0802038 0.0972464 0.0972464 0.0940061 0.1330385 0.1330385 0.0358197 0.0526587 0.0545699 0.0794163 0.1625737 0.0672850 0.0625376 0.0931132 0.0738817 0.0927060 0.1625737 0.1604509 0.1627425 0.0891035 0.0642064 0.0910965 0.1111434 0.1213964 0.1549069 0.0956991 0.0794332 0.0956991 0.1549069 0.0817889 0.0817889 0.0778305 0.0982721 0.0948452 0.1260630 0.1235761 0.1505183 0.0392829 0.0795969 0.0910965 0.1809511 0.0959704 0.1511248 0.1490786 0.0940061 0.1617140 0.0860090 0.0490242 0.1505183 0.1368486 0.0961363 0.0732825 0.0971350 0.0966967 0.0702603 0.0509859 0.0756556 0.0492020 0.0464744 0.1389909 0.1223369 0.1248661 0.1207812 0.1304776 0.1349397 0.1454589 0.1470069 0.0561539 0.1290531 0.1153833 0.0940359 0.0610830 0.2236860 0.0508682 0.2121738 0.0929199 0.0903694 0.0833961 0.0525286 0.1394932 0.1371746 0.1088232 0.0731310 0.0735388 0.0031997 0.0032074 0.0044766 0.0342722 0.0342722 0.0697092 0.0901219 0.0677778 0.1504814 0.1111434 0.1266724 0.1506278 0.1392331 0.1434238 0.1506278 0.1300869 0.0934578 0.1077060 0.1308549 0.1069985 0.1369109 0.1386062 0.1266724 0.0905544 0.0157801 0.0923995 0.0547267 0.0492020 0.0688053 1.7719826 0.0717217 0.0775701 0.0862732 0.0947494 0.1606014 0.0307399 0.0340994 0.0922200 0.1558275 0.0204494 0.0332608 0.0207569 0.0207879 0.0208961 0.0336775 0.0826558 0.0848673 0.0921447 0.0809213 0.0934272 0.0487160 0.0487918 0.1423220 0.0948919 0.0525286 0.0565985 0.1747201 0.0528056 0.0564222 0.0495010 0.0492854 0.0511011 0.0546152 0.0547267 0.0527413 0.0731463 0.0379078 0.0519991 0.0912053 2.0075914 0.0709735 0.3095875 0.2068075 0.0524963 0.2749819 0.2406947 0.3467079 0.1545295 0.1996623 0.0482559 0.0465515 0.0529646 
Neoboletus_013 0.0653515 0.1050974 0.0781859 0.0163469 0.0330096 0.0771445 0.0728495 0.0771445 0.1272698 0.1272698 0.0000010 0.0032074 0.0000000 0.0914979 0.0750882 0.0358828 0.0163469 0.0855749 0.0750882 0.0728495 0.0961565 0.0696614 0.0322897 0.0701518 0.0692115 0.0785101 0.0688655 0.0688655 0.0708839 0.0688655 0.0688655 0.0703076 0.0696874 0.0689844 0.0688655 0.0688655 0.0782262 0.1296761 0.0180742 0.0197732 0.0197570 0.0174806 0.0971894 0.0961565 0.0942580 0.0982428 0.0982428 0.0689844 0.0147079 0.0180177 0.0130922 0.0861148 0.0359035 0.0146859 0.0163434 0.0197229 0.0492098 0.0772893 0.0772872 0.0738329 0.0738858 0.0804311 0.0756081 0.0756081 0.0730917 0.1328176 0.1328176 0.0163981 0.0371143 0.0390914 0.0528318 0.1319885 0.0492098 0.0485024 0.0717629 0.0422712 0.0727856 0.1319885 0.1161920 0.1314822 0.0676733 0.0517613 0.0697069 0.0906115 0.1050974 0.1181810 0.0748885 0.0509671 0.0748885 0.1181810 0.0550815 0.0550815 0.0511373 0.0774132 0.0737772 0.1050974 0.1050974 0.1136969 0.0362129 0.0523519 0.0697069 0.1666206 0.0734828 0.1163060 0.1141802 0.0730917 0.1225580 0.0839519 0.0380538 0.1136969 0.1181810 0.0789288 0.0449601 0.0803749 0.0752994 0.0398598 0.0410722 0.0445900 0.0310522 0.0322384 0.1085072 0.0857370 0.0881287 0.0822583 0.1072728 0.1095480 0.1096196 0.1383970 0.0397125 0.0947441 0.0781859 0.0731181 0.0361774 0.1807065 0.0360337 0.1999392 0.0696358 0.0697069 0.0697069 0.0378125 0.1010721 0.0993422 0.0940784 0.0689844 0.0689935 0.0000021 0.0000010 0.0000020 0.0180742 0.0180742 0.0358828 0.0691023 0.0395162 0.1160591 0.0906115 0.0899908 0.1343717 0.1223344 0.1268002 0.1343717 0.0930404 0.0675098 0.1051223 0.1087229 0.1044338 0.1068189 0.1066102 0.0899908 0.0694507 0.0103642 0.0703079 0.0366620 0.0310522 0.0399364 1.6930272 0.0377878 0.0699602 0.0697069 0.0782262 0.1296761 0.0167083 0.0163469 0.0697069 0.1139901 0.0130924 0.0163469 0.0163469 0.0163718 0.0166409 0.0156724 0.0712587 0.0683341 0.0682175 0.0682175 0.0683341 0.0327191 0.0327731 0.1343974 0.0817128 0.0378125 0.0378125 0.1343974 0.0347314 0.0384385 0.0344733 0.0311081 0.0329555 0.0347698 0.0366620 0.0347017 0.0695766 0.0353415 0.0493475 0.0464892 1.9637519 0.0549048 0.2583023 0.1840380 0.0377877 0.2054018 0.2099382 0.3108393 0.1425727 0.1520424 0.0340716 0.0322954 0.0381464 
Neoboletus_014 0.1217807 0.1249025 0.1280177 0.1042359 0.1188694 0.1249473 0.1201647 0.1249473 0.1465538 0.1465538 0.1264045 0.1286853 0.0914979 0.0000000 0.1227136 0.1194797 0.1062930 0.1350226 0.1227136 0.1201647 0.1394715 0.1140958 0.1140299 0.1172818 0.1179598 0.1338286 0.1179598 0.1210426 0.1201647 0.1184820 0.1179598 0.1145224 0.1183906 0.1214572 0.1216155 0.1297643 0.0912458 0.1481846 0.1083340 0.1061875 0.1146155 0.0880295 0.1346774 0.1394715 0.1375548 0.1416569 0.1416569 0.1181715 0.1064892 0.1083340 0.1029912 0.0030845 0.1127272 0.1042833 0.1063494 0.1061473 0.1299584 0.1249473 0.1182573 0.1176063 0.1203621 0.1104293 0.1148223 0.1148223 0.1205790 0.1893917 0.1893917 0.1086993 0.1095470 0.1118302 0.1327536 0.1855670 0.1299584 0.1255553 0.1163790 0.0853137 0.1244218 0.1855670 0.1384175 0.1481846 0.1119824 0.1347296 0.1141661 0.1248506 0.1252158 0.1549140 0.1223807 0.1284627 0.1223807 0.1549140 0.1306041 0.1306041 0.1306041 0.1249473 0.1208886 0.1249025 0.1249025 0.1552731 0.1323982 0.1285683 0.1141661 0.1549138 0.1202445 0.1528907 0.1507936 0.1205790 0.1515082 0.0987045 0.1204781 0.1552731 0.1543280 0.1154751 0.1279293 0.0911951 0.1162468 0.1197726 0.1079726 0.1192136 0.1138596 0.1116503 0.1255664 0.1352782 0.1379822 0.1310756 0.1134772 0.1178526 0.1382359 0.1529253 0.1194291 0.1397171 0.1301815 0.1206165 0.1056171 0.2859546 0.1131665 0.2300899 0.1001483 0.1323702 0.1212555 0.1150030 0.1371055 0.1374651 0.1422646 0.1177070 0.1184156 0.1136216 0.0914979 0.1282667 0.1083340 0.1083340 0.1194797 0.1158492 0.1206069 0.1576993 0.1248506 0.1352569 0.2012291 0.1889590 0.1933478 0.2012291 0.1405013 0.1323236 0.0983054 0.1289814 0.1001254 0.1527475 0.1492946 0.1352569 0.1158492 0.0752861 0.1086172 0.1210005 0.1138596 0.1164815 1.8030369 0.1219922 0.1195206 0.1164432 0.0975813 0.1481846 0.1082991 0.1062930 0.1135181 0.1364774 0.1050139 0.1071397 0.0978930 0.0978930 0.1036851 0.0932980 0.1114862 0.1262333 0.1344899 0.1219484 0.1332080 0.1017580 0.1019355 0.1604304 0.1674236 0.1172160 0.1251645 0.1759846 0.1184350 0.1186470 0.1075286 0.1115428 0.1164041 0.1164041 0.1210005 0.1165358 0.1556477 0.1009462 0.1194423 0.0981146 2.0156202 0.1346586 0.2865058 0.1853110 0.1149294 0.2578429 0.2526510 0.3428912 0.1647938 0.2105399 0.1158715 0.1137565 0.1172160 
Neoboletus_015 0.1053060 0.1105358 0.0811603 0.0779436 0.0764096 0.0014712 0.0014745 0.0014712 0.1296803 0.1296803 0.0961590 0.0959417 0.0750882 0.1227136 0.0000000 0.0942430 0.0798038 0.0872704 0.0000010 0.0014745 0.0965444 0.0435343 0.0694162 0.0064580 0.0044627 0.0126751 0.0044445 0.0046016 0.0059414 0.0045262 0.0044445 0.0064520 0.0047790 0.0046202 0.0060853 0.0122195 0.0964173 0.1339476 0.0821069 0.0840429 0.0897225 0.0717585 0.1002002 0.0965444 0.0947789 0.0984846 0.0984846 0.0029531 0.0799413 0.0816538 0.0766526 0.1181624 0.0728085 0.0779770 0.0817576 0.0874374 0.1018765 0.0014734 0.0015093 0.0015291 0.0014914 0.0057171 0.0015220 0.0015220 0.0000028 0.1439800 0.1439800 0.0819146 0.0757705 0.0778454 0.1007655 0.1395318 0.1018765 0.0874938 0.0453002 0.0019694 0.0061076 0.1395318 0.1368008 0.1356781 0.0418346 0.1050308 0.0435599 0.0847114 0.1107725 0.1511743 0.0029566 0.1007877 0.0029566 0.1511743 0.1034217 0.1034217 0.0991409 0.0014753 0.0000029 0.1105358 0.1129155 0.1515169 0.1270348 0.1014906 0.0435599 0.1809350 0.0015047 0.1474154 0.1453652 0.0000028 0.1578324 0.0774444 0.0879140 0.1515169 0.1480238 0.0154561 0.0942018 0.0826916 0.0015113 0.0911552 0.0850674 0.0953995 0.0722369 0.0674328 0.1146098 0.0874227 0.0896282 0.0863535 0.0955305 0.0996106 0.1222069 0.1362958 0.0786939 0.1152229 0.0792836 0.0014790 0.0645943 0.2431971 0.0730702 0.2081353 0.0398453 0.0593954 0.0532502 0.0747948 0.1007999 0.1015390 0.0935045 0.0047323 0.0047564 0.0986568 0.0750882 0.0992277 0.0821069 0.0821069 0.0942430 0.0014791 0.0986935 0.1467495 0.0847114 0.0913384 0.1567061 0.1452634 0.1494575 0.1567061 0.0941526 0.1046868 0.1057549 0.1197066 0.1079875 0.1032059 0.0996527 0.0913384 0.0014851 0.0510182 0.0432633 0.0782842 0.0722369 0.0857416 1.7103973 0.0964777 0.0460177 0.0450341 0.1007544 0.1339476 0.0843157 0.0798038 0.0440583 0.1325059 0.0796597 0.0818749 0.0765807 0.0767108 0.0814157 0.0789796 0.0877106 0.0917087 0.0991280 0.0876660 0.0984137 0.0723744 0.0724943 0.1405093 0.1237940 0.0767433 0.0854310 0.1570021 0.0761532 0.0800738 0.0717979 0.0723640 0.0743461 0.0762371 0.0782842 0.0708320 0.1449438 0.0855508 0.1023319 0.0689016 1.8703957 0.1030708 0.2989043 0.2326869 0.0747477 0.2527666 0.2344320 0.3386234 0.1491649 0.1636095 0.0712248 0.0693834 0.0774139 
Neoboletus_017 0.0930481 0.1327279 0.0985761 0.0601524 0.0547481 0.0962464 0.0920166 0.0962464 0.1576723 0.1576723 0.0643399 0.0697092 0.0358828 0.1194797 0.0942430 0.0000000 0.0619046 0.1059018 0.0942430 0.0920166 0.1183161 0.0932286 0.0555227 0.0904738 0.0885643 0.1002829 0.0881426 0.0877722 0.0901122 0.0880627 0.0881426 0.0903793 0.0917214 0.0881981 0.0886548 0.0981287 0.0933783 0.1621551 0.0604735 0.0622722 0.0675843 0.0458430 0.1211810 0.1183161 0.1164881 0.1203633 0.1203633 0.0882877 0.0620091 0.0636504 0.0588247 0.1170577 0.0544963 0.0567041 0.0619307 0.0654317 0.0733252 0.0964169 0.0968594 0.0960201 0.0932606 0.0781820 0.0935114 0.0935114 0.0923095 0.1496612 0.1496612 0.0638474 0.0566247 0.0585619 0.0213788 0.1579206 0.0733252 0.0722272 0.0953165 0.0691493 0.0929870 0.1579206 0.1558527 0.1643133 0.0912775 0.0208961 0.0932850 0.1032522 0.1330569 0.1324549 0.0940045 0.0182574 0.0940045 0.1324549 0.0230855 0.0230855 0.0198727 0.0965645 0.0931337 0.1327279 0.1327279 0.1281761 0.0666352 0.0202808 0.0932850 0.1625409 0.0922646 0.1309657 0.1289467 0.0923095 0.1382034 0.0840959 0.0015526 0.1281761 0.1335548 0.0963890 0.0089204 0.1118469 0.0949531 0.0059684 0.0032270 0.0091795 0.0509508 0.0536637 0.1346568 0.1060932 0.1085016 0.1062726 0.1174748 0.1218082 0.1479271 0.1332323 0.0600239 0.1317760 0.1005813 0.0923389 0.0611228 0.2054469 0.0546850 0.1941860 0.0891972 0.1043172 0.0945235 0.0563552 0.1194077 0.1199612 0.1125842 0.0821492 0.0826161 0.0643826 0.0358828 0.0631981 0.0604735 0.0604735 0.0000010 0.0884309 0.0060577 0.1327195 0.1032522 0.1102860 0.1696889 0.1578814 0.1621795 0.1696889 0.1113233 0.0937515 0.1084495 0.1361272 0.1102955 0.1314219 0.1310717 0.1102860 0.0888554 0.0482937 0.0946692 0.0565065 0.0509508 0.0029857 1.7542669 0.0014748 0.0929484 0.0926206 0.0996605 0.1621551 0.0578706 0.0619046 0.0924619 0.1514100 0.0537699 0.0616505 0.0544540 0.0545419 0.0566804 0.0579985 0.0855540 0.0893769 0.0946829 0.0853688 0.0940058 0.0509908 0.0510711 0.1356361 0.1015269 0.0581881 0.0605020 0.1521394 0.0545726 0.0582065 0.0533339 0.0510373 0.0528628 0.0528628 0.0565065 0.0620693 0.0692716 0.0352288 0.0491853 0.0796098 2.0090141 0.0747332 0.2839440 0.1987981 0.0563205 0.2936925 0.2627132 0.3581592 0.1411824 0.1790815 0.0572471 0.0554969 0.0586759 
Neoboletus_018 0.0811968 0.1136886 0.0899729 0.0074005 0.0471984 0.0817201 0.0777054 0.0817201 0.1387290 0.1387290 0.0325265 0.0340994 0.0163469 0.1062930 0.0798038 0.0619046 0.0000000 0.0946566 0.0798038 0.0777054 0.1008634 0.0769077 0.0393570 0.0768470 0.0743355 0.0845503 0.0739909 0.0750900 0.0758749 0.0755239 0.0739909 0.0767680 0.0761155 0.0754442 0.0779594 0.0851937 0.0843516 0.1430668 0.0104603 0.0119856 0.0135103 0.0000010 0.1047945 0.1008634 0.0990842 0.1028261 0.1028261 0.0741098 0.0059190 0.0014687 0.0000028 0.1017072 0.0378271 0.0044249 0.0074081 0.0119300 0.0520651 0.0818619 0.0819637 0.0787915 0.0787293 0.0753250 0.0786650 0.0786650 0.0779456 0.1403361 0.1403361 0.0074215 0.0392549 0.0410781 0.0640688 0.1483520 0.0520651 0.0493653 0.0788880 0.0493905 0.0821079 0.1483520 0.1497624 0.1449333 0.0750412 0.0621775 0.0769541 0.0863374 0.1115317 0.1473807 0.0796069 0.0640822 0.0796069 0.1473807 0.0662556 0.0662556 0.0625046 0.0819835 0.0786228 0.1136886 0.1112625 0.1477118 0.0145786 0.0638853 0.0769541 0.1857106 0.0795338 0.1459740 0.1439408 0.0779456 0.1538073 0.0813455 0.0507293 0.1477118 0.1417364 0.0796684 0.0618788 0.0945157 0.0801214 0.0588858 0.0527597 0.0620441 0.0435389 0.0376274 0.1268970 0.0948244 0.0971218 0.0899596 0.1125202 0.1167858 0.1299095 0.1471279 0.0430589 0.1148581 0.0919318 0.0779712 0.0484283 0.2043619 0.0379542 0.2119708 0.0735049 0.0903762 0.0831014 0.0395801 0.1077653 0.1060383 0.0938514 0.0711223 0.0715181 0.0354614 0.0163469 0.0328400 0.0104603 0.0104603 0.0619046 0.0742271 0.0616267 0.1476756 0.0863374 0.0988703 0.1531397 0.1416961 0.1458991 0.1531397 0.1018395 0.0778405 0.1152528 0.1325892 0.1144908 0.1074677 0.1037495 0.0988703 0.0745739 0.0058246 0.0777543 0.0489114 0.0435389 0.0573718 1.7363985 0.0638441 0.0775756 0.0797189 0.0882620 0.1430668 0.0061990 0.0000010 0.0778831 0.1453926 0.0015284 0.0000010 0.0000010 0.0000010 0.0000010 0.0000010 0.0681904 0.0692824 0.0764097 0.0654848 0.0758754 0.0332267 0.0332765 0.1424314 0.0795828 0.0395801 0.0469955 0.1535335 0.0470498 0.0505754 0.0365383 0.0436117 0.0453786 0.0488131 0.0489114 0.0452451 0.0689358 0.0377191 0.0517350 0.0600749 1.9391712 0.0637742 0.2865833 0.2066357 0.0395563 0.2676013 0.2351290 0.3396549 0.1408190 0.1684725 0.0393394 0.0376887 0.0398998 
