19
osc_117036|ITS|EU834198.1                     0.0000000 0.0336474 0.0716878 0.0359771 0.0350673 0.0349913 0.0000010 0.0262763 0.0349912 0.0349912 0.0351175 0.1344893 0.0356217 0.0000010 0.0353500 0.0353500 0.0349428 0.0371216 0.0221129 
osc_118291|ITS|EU834197.1                     0.0336474 0.0000000 0.0000010 0.0039015 0.0037999 0.0037915 0.0336474 0.0000010 0.0037915 0.0037915 0.0037915 0.1909921 0.0038617 0.0336474 0.0038172 0.0038172 0.0039293 0.0095794 0.0000010 
sourth_side740|ITS|PQ412064.1                 0.0716878 0.0000010 0.0000000 0.0070301 0.0069421 0.0068864 0.0716878 0.0000010 0.0068861 0.0068861 0.0068861 0.2830475 0.0068861 0.0716878 0.0068861 0.0068861 0.0068861 0.0068864 0.0000010 
had1315_inat242213937|ITS|PV591200.1          0.0359771 0.0039015 0.0070301 0.0000000 0.0036328 0.0000010 0.0361094 0.0000010 0.0036251 0.0036251 0.0036379 0.1859508 0.0036251 0.0359771 0.0036379 0.0036379 0.0040490 0.0091390 0.0038790 
bohlin_040903|ITS|OR822114.1                  0.0350673 0.0037999 0.0069421 0.0036328 0.0000000 0.0035371 0.0351936 0.0000010 0.0000010 0.0000010 0.0000010 0.1783717 0.0000010 0.0350673 0.0000010 0.0000010 0.0000010 0.0089310 0.0038790 
jlf13485_inaturalist_248142680|ITS|PQ488635.1 0.0349913 0.0037915 0.0068864 0.0000010 0.0035371 0.0000000 0.0351177 0.0000010 0.0035297 0.0035297 0.0035419 0.1802622 0.0035907 0.0349913 0.0035644 0.0035644 0.0039307 0.0089125 0.0038790 
cwh_asv_0017|ITS|OQ410896.1                   0.0000010 0.0336474 0.0716878 0.0361094 0.0351936 0.0351177 0.0000000 0.0262763 0.0351175 0.0351175 0.0351175 0.1350305 0.0357520 0.0000010 0.0353500 0.0353500 0.0349428 0.0372559 0.0221997 
dbg                                           0.0262763 0.0000010 0.0000010 0.0000010 0.0000010 0.0000010 0.0262763 0.0000000 0.0000010 0.0000010 0.0000010 0.1838745 0.0000010 0.0262763 0.0000010 0.0000010 0.0000010 0.0035338 0.0000010 
kra_f_2014_110|ITS|KT001259.1                 0.0349912 0.0037915 0.0068861 0.0036251 0.0000010 0.0035297 0.0351175 0.0000010 0.0000000 0.0000010 0.0000010 0.1779476 0.0000010 0.0349912 0.0000010 0.0000010 0.0000010 0.0089124 0.0038790 
kra_f_2013_60|ITS|KT001258.1                  0.0349912 0.0037915 0.0068861 0.0036251 0.0000010 0.0035297 0.0351175 0.0000010 0.0000010 0.0000000 0.0000010 0.1779476 0.0000010 0.0349912 0.0000010 0.0000010 0.0000010 0.0089124 0.0038790 
km                                            0.0351175 0.0037915 0.0068861 0.0036379 0.0000010 0.0035419 0.0351175 0.0000010 0.0000010 0.0000010 0.0000000 0.1786705 0.0000010 0.0351175 0.0000010 0.0000010 0.0000010 0.0089433 0.0038927 
personal                                      0.1344893 0.1909921 0.2830475 0.1859508 0.1783717 0.1802622 0.1350305 0.1838745 0.1779476 0.1779476 0.1786705 0.0000000 0.1815419 0.1344893 0.1800164 0.1800164 0.1833581 0.1699447 0.1703804 
ct4298_flas_herbarium|ITS|MH478119.1          0.0356217 0.0038617 0.0068861 0.0036251 0.0000010 0.0035907 0.0357520 0.0000010 0.0000010 0.0000010 0.0000010 0.1815419 0.0000000 0.0356217 0.0000010 0.0000010 0.0000010 0.0090526 0.0038790 
kra_f_2013_69|ITS|KT001256.1                  0.0000010 0.0336474 0.0716878 0.0359771 0.0350673 0.0349913 0.0000010 0.0262763 0.0349912 0.0349912 0.0351175 0.1344893 0.0356217 0.0000000 0.0353500 0.0353500 0.0349428 0.0371216 0.0221129 
o_f245441|ITS|KP149496.1                      0.0353500 0.0038172 0.0068861 0.0036379 0.0000010 0.0035644 0.0353500 0.0000010 0.0000010 0.0000010 0.0000010 0.1800164 0.0000010 0.0353500 0.0000000 0.0000010 0.0000010 0.0090006 0.0038927 
o_f245438|ITS|KP149495.1                      0.0353500 0.0038172 0.0068861 0.0036379 0.0000010 0.0035644 0.0353500 0.0000010 0.0000010 0.0000010 0.0000010 0.1800164 0.0000010 0.0353500 0.0000010 0.0000000 0.0000010 0.0090006 0.0038927 
extl69|ITS|HQ647124.1                         0.0349428 0.0039293 0.0068861 0.0040490 0.0000010 0.0039307 0.0349428 0.0000010 0.0000010 0.0000010 0.0000010 0.1833581 0.0000010 0.0349428 0.0000010 0.0000010 0.0000000 0.0099351 0.0043679 
92/83|ITS|DQ534565.1                          0.0371216 0.0095794 0.0068864 0.0091390 0.0089310 0.0089125 0.0372559 0.0035338 0.0089124 0.0089124 0.0089433 0.1699447 0.0090526 0.0371216 0.0090006 0.0090006 0.0099351 0.0000000 0.0097856 
trappe_12656|ITS|EU846310.1                   0.0221129 0.0000010 0.0000010 0.0038790 0.0038790 0.0038790 0.0221997 0.0000010 0.0038790 0.0038790 0.0038927 0.1703804 0.0038790 0.0221129 0.0038927 0.0038927 0.0043679 0.0097856 0.0000000 
