9
dai_25571|ITS|PQ164657.1    0.0000000 0.1059469 0.1059469 0.0146692 0.0602871 0.0690696 0.1064884 0.6776428 0.1328202 
kpm_nc_22643|ITS|OQ220497.1 0.1059469 0.0000000 0.0060826 0.0947836 0.0754798 0.0806568 0.0174120 0.8214748 0.0000010 
hmjau60861|ITS|OL891493.1   0.1059469 0.0060826 0.0000000 0.1015395 0.0830083 0.0858550 0.0212478 0.8357376 0.0000010 
le315614|ITS|MZ451347.1     0.0146692 0.0947836 0.1015395 0.0000000 0.0547986 0.0690252 0.1188258 0.7952013 0.1061851 
mhhnu_30914|ITS|MK253775.1  0.0602871 0.0754798 0.0830083 0.0547986 0.0000000 0.0293650 0.1004754 0.7855832 0.0297080 
cmu51_sl_53|ITS|KX017308.1  0.0690696 0.0806568 0.0858550 0.0690252 0.0293650 0.0000000 0.0911406 0.7282248 0.0831486 
he2757|ITS|KC505585.1       0.1064884 0.0174120 0.0212478 0.1188258 0.1004754 0.0911406 0.0000000 0.8663847 0.0108211 
kun16|ITS|DQ407256.1        0.6776428 0.8214748 0.8357376 0.7952013 0.7855832 0.7282248 0.8663847 0.0000000 0.5444637 
107_362|ITS|AB509721.1      0.1328202 0.0000010 0.0000010 0.1061851 0.0297080 0.0831486 0.0108211 0.5444637 0.0000000 
