210
Strobilomyces_001 0.0000000 0.0000010 0.3843272 0.4430551 0.3806967 0.4241387 0.0886089 0.4412412 0.0911687 0.0889898 0.1209178 0.4292224 0.4889392 0.3990854 0.4454548 0.4454548 0.4572559 0.5042680 0.5024263 0.1314561 0.0898586 0.3898815 0.1209178 0.0900199 0.0900199 0.0839499 0.1119914 0.4158943 0.4158943 0.4134690 0.2762538 0.2739289 0.1148280 0.5274582 0.4486818 0.1047398 0.4385444 0.1314028 0.0882143 0.4640277 0.4420876 0.1088742 0.4316593 0.1119914 0.6546262 0.4533131 0.4236431 0.4138578 0.0885901 0.4578216 0.0802005 0.4703662 0.4454548 0.4512774 0.4512774 0.4207834 0.4617221 0.4470955 0.4574804 0.0882143 0.4241387 0.4297855 0.5319683 0.5236013 0.5441838 0.5270797 0.5270797 0.5212807 0.4079848 0.4079848 0.0000023 0.4640277 0.4265341 0.4133598 0.4208507 0.1037435 0.1153802 0.1123153 0.1037435 0.1211975 0.1209178 0.4308585 0.4292626 0.4164268 0.4074935 0.4488296 0.4085980 0.1271306 0.4486818 0.0895358 0.0895358 0.1330346 0.1702944 0.4927623 0.1308319 0.1314028 0.4588792 0.4598811 0.4598811 0.3831814 0.1238621 0.1239053 0.1314561 0.4406553 0.4517039 0.6546262 0.4609205 0.4748070 0.3897764 0.3806728 0.4533131 0.4421684 0.4244665 0.4621685 0.4889392 0.4252179 0.3990854 0.3967411 0.3967411 0.3898695 0.4236431 0.4292906 0.0882143 0.0885901 0.0889739 0.4369520 0.4486557 0.3980517 0.4138578 0.4232984 0.4291364 0.4315103 0.3735389 0.4132531 0.3934065 0.4480525 1.8539939 0.0882143 0.3827127 1.7300124 0.4617221 0.4488884 0.1092115 0.4075721 0.4075721 0.4106306 0.3475186 0.4235762 0.3925018 0.4590776 0.7004671 0.3817398 0.3890730 0.0065137 0.1173154 0.4385513 0.0996517 0.0913509 0.4235762 0.0910731 0.3925018 0.4286653 0.4645899 0.4645899 0.4706495 0.4645899 0.4591474 0.4259145 0.4243578 0.4243578 0.4243578 0.4229024 0.4164723 0.4229024 0.4164723 0.4250768 0.4190492 0.1076961 0.0908380 0.4265341 0.3557643 0.4546496 0.3061331 0.2821975 0.3573161 0.3686498 0.3602705 0.3632217 0.3275980 0.3771316 0.3699903 0.3625338 0.0952026 0.1041706 0.0908380 0.0946596 0.0908380 0.0792114 0.0750835 0.0788980 0.0788980 0.0670471 0.0706409 0.0864005 0.0822191 0.0823549 0.0822191 0.0787562 0.0823549 0.0939511 
Strobilomyces_002 0.0000010 0.0000000 0.3843272 0.4430551 0.3806967 0.4241387 0.0886089 0.4412412 0.0911687 0.0889898 0.1209178 0.4292224 0.4889392 0.3990854 0.4454548 0.4454548 0.4572559 0.5042680 0.5024263 0.1314561 0.0898586 0.3898815 0.1209178 0.0900199 0.0900199 0.0839499 0.1119914 0.4158943 0.4158943 0.4134690 0.2762538 0.2739289 0.1148280 0.5274582 0.4486818 0.1047398 0.4385444 0.1314028 0.0882143 0.4640277 0.4420876 0.1088742 0.4316593 0.1119914 0.6546262 0.4533131 0.4236431 0.4138578 0.0885901 0.4578216 0.0802005 0.4703662 0.4454548 0.4512774 0.4512774 0.4207834 0.4617221 0.4470955 0.4574804 0.0882143 0.4241387 0.4297855 0.5319683 0.5236013 0.5441838 0.5270797 0.5270797 0.5212807 0.4079848 0.4079848 0.0000023 0.4640277 0.4265341 0.4133598 0.4208507 0.1037435 0.1153802 0.1123153 0.1037435 0.1211975 0.1209178 0.4308585 0.4292626 0.4164268 0.4074935 0.4488296 0.4085980 0.1271306 0.4486818 0.0895358 0.0895358 0.1330346 0.1702944 0.4927623 0.1308319 0.1314028 0.4588792 0.4598811 0.4598811 0.3831814 0.1238621 0.1239053 0.1314561 0.4406553 0.4517039 0.6546262 0.4609205 0.4748070 0.3897764 0.3806728 0.4533131 0.4421684 0.4244665 0.4621685 0.4889392 0.4252179 0.3990854 0.3967411 0.3967411 0.3898695 0.4236431 0.4292906 0.0882143 0.0885901 0.0889739 0.4369520 0.4486557 0.3980517 0.4138578 0.4232984 0.4291364 0.4315103 0.3735389 0.4132531 0.3934065 0.4480525 1.8539939 0.0882143 0.3827127 1.7300124 0.4617221 0.4488884 0.1092115 0.4075721 0.4075721 0.4106306 0.3475186 0.4235762 0.3925018 0.4590776 0.7004671 0.3817398 0.3890730 0.0065137 0.1173154 0.4385513 0.0996517 0.0913509 0.4235762 0.0910731 0.3925018 0.4286653 0.4645899 0.4645899 0.4706495 0.4645899 0.4591474 0.4259145 0.4243578 0.4243578 0.4243578 0.4229024 0.4164723 0.4229024 0.4164723 0.4250768 0.4190492 0.1076961 0.0908380 0.4265341 0.3557643 0.4546496 0.3061331 0.2821975 0.3573161 0.3686498 0.3602705 0.3632217 0.3275980 0.3771316 0.3699903 0.3625338 0.0952026 0.1041706 0.0908380 0.0946596 0.0908380 0.0792114 0.0750835 0.0788980 0.0788980 0.0670471 0.0706409 0.0864005 0.0822191 0.0823549 0.0822191 0.0787562 0.0823549 0.0939511 
Strobilomyces_004 0.3843272 0.3843272 0.0000000 0.4331039 0.1197619 0.2307450 0.3793946 0.1061835 0.3731588 0.3819804 0.3606563 0.1321542 0.1706753 0.3153357 0.0874573 0.0930588 0.1226655 0.3971633 0.1992662 0.3671864 0.3384986 0.1474780 0.3498980 0.3452754 0.3452754 0.3555090 0.3596262 0.3393391 0.3393391 0.2988335 0.1034536 0.0910981 0.3775858 0.2029040 0.1584908 0.3482787 0.3854178 0.3634562 0.3865409 0.1527157 0.1446625 0.3534068 0.1283097 0.3596262 0.3378150 0.1218700 0.1822979 0.1283906 0.3728009 0.1424279 0.3471115 0.0570599 0.0849664 0.0821769 0.0821769 0.0956578 0.1257551 0.0912573 0.1235194 0.3841805 0.2307450 0.2347951 0.5263168 0.5180637 0.5340073 0.5272763 0.5272763 0.5321661 0.2932826 0.2932826 0.3887105 0.1527157 0.1240468 0.0896126 0.1223478 0.3505600 0.3614916 0.3609582 0.3505600 0.3672477 0.3606563 0.3475643 0.2434390 0.3475259 0.0925392 0.1346357 0.1285210 0.3671369 0.1665754 0.3542017 0.3542017 0.3382922 0.3771069 0.1335738 0.3694434 0.3634562 0.1464352 0.0849861 0.0849861 0.0872454 0.3545725 0.3654209 0.3652071 0.2085431 0.2086250 0.3378150 0.1078243 0.1895117 0.1821154 0.1836289 0.1218700 0.1261361 0.2545033 0.1870393 0.1712219 0.1979487 0.3153357 0.1517972 0.1517972 0.1478751 0.1822979 0.1822979 0.3710988 0.3728009 0.3424451 0.3527382 0.3596917 0.1186709 0.1283906 0.1347941 0.1407470 0.1513808 0.1283463 0.1333403 0.1264121 0.1292390 1.3102960 0.3962726 0.1181515 1.1682073 0.1257551 0.0825754 0.3605194 0.1323732 0.1299872 0.1180354 0.1223253 0.3316661 0.1564243 0.3759428 0.3512173 0.1507722 0.1910843 0.3825917 0.4010801 0.1805349 0.3809657 0.3763730 0.3316661 0.3659765 0.1564243 0.1393567 0.1683138 0.1683138 0.1718354 0.1716846 0.1716846 0.1261433 0.1258112 0.1254252 0.1254252 0.1223758 0.1268233 0.1254705 0.1268233 0.1244246 0.2345939 0.4477200 0.4062058 0.1240468 0.3281789 0.3190577 0.1503640 0.1026773 0.1201109 0.1119283 0.1376383 0.1112140 0.0934941 0.0975746 0.1020417 0.1020417 0.3888103 0.4060928 0.3985071 0.4055092 0.4062058 0.3375193 0.3392565 0.3534056 0.3534056 0.3176632 0.3238563 0.3401214 0.3316617 0.3385800 0.3379923 0.3330964 0.3385800 0.3385800 
Strobilomyces_005 0.4430551 0.4430551 0.4331039 0.0000000 0.4481700 0.4684769 0.4814092 0.4581334 0.4881260 0.4854560 0.4233914 0.4978704 0.5290304 0.2693434 0.4641252 0.4805044 0.4730588 0.5687434 0.6015045 0.4079994 0.4102835 0.4754068 0.4309560 0.4239485 0.4239485 0.4063670 0.4415675 0.4037925 0.4037925 0.4159312 0.3605399 0.3443899 0.4269218 0.4707107 0.4387902 0.4410498 0.2351620 0.4777711 0.4323773 0.4506398 0.4836857 0.4379689 0.4979598 0.4415675 0.7748808 0.4709049 0.4791074 0.4500985 0.4578860 0.4920191 0.3846606 0.4385835 0.4821345 0.4887653 0.4887653 0.4873893 0.4966661 0.4984721 0.4451177 0.4493358 0.4684769 0.4751474 0.5942394 0.5840479 0.6094534 0.5886061 0.5886061 0.6021805 0.4976350 0.4976350 0.4672343 0.4506398 0.4849397 0.5116029 0.4903975 0.4332547 0.4491052 0.4434818 0.4332547 0.3956383 0.4233914 0.5124160 0.4851045 0.4726461 0.4818795 0.4758652 0.4141545 0.3942056 0.4327929 0.4278888 0.4278888 0.4456501 0.4649345 0.4727827 0.4803380 0.4777711 0.5005909 0.4922116 0.4922116 0.4625636 0.4309560 0.4293062 0.4376383 0.5478299 0.5623928 0.7748808 0.4629788 0.5315864 0.4588623 0.4417902 0.4709049 0.4833757 0.4805840 0.5439766 0.5245441 0.4861651 0.2693434 0.4863321 0.4863321 0.4774039 0.4791074 0.4791074 0.4555479 0.4578860 0.4315756 0.5199668 0.4732980 0.4522752 0.4500985 0.4944441 0.5126836 0.4986134 0.5347947 0.4867018 0.5024165 0.4489295 1.9644625 0.4638992 0.4090942 1.8286091 0.4966661 0.4843325 0.4035284 0.5024165 0.4933397 0.4768467 0.3768832 0.5449107 0.4736329 0.4001172 0.7190846 0.5274775 0.4303038 0.4717456 0.4677084 0.5253841 0.4682921 0.4621849 0.5449107 0.4228610 0.4736329 0.5152285 0.4453316 0.4453316 0.4518149 0.4395041 0.4453316 0.4835738 0.4886914 0.4930961 0.4930961 0.4867458 0.4812400 0.4867458 0.4812400 0.4871102 0.4624925 0.5120039 0.4591097 0.4849397 0.2329459 0.5315743 0.3614339 0.4776322 0.4182188 0.4030358 0.4507657 0.4312220 0.4193356 0.4134873 0.4384956 0.4323258 0.4619385 0.4816972 0.4494250 0.4494250 0.4591097 0.4557400 0.4433257 0.4530400 0.4530400 0.3875587 0.3956933 0.4316706 0.4200091 0.4382730 0.4288069 0.4288069 0.4288069 0.4293562 
Strobilomyces_006 0.3806967 0.3806967 0.1197619 0.4481700 0.0000000 0.2485771 0.3909620 0.0871134 0.3847695 0.3935790 0.4015166 0.1194253 0.1643972 0.4117993 0.1373136 0.1373136 0.1029164 0.4653671 0.2236793 0.4132634 0.3638135 0.1634251 0.4015166 0.3609319 0.3609319 0.3456491 0.3857561 0.3056184 0.3056184 0.2637354 0.0515339 0.0521911 0.3952801 0.2010866 0.1531910 0.3812096 0.4335608 0.4064402 0.4024240 0.1388401 0.1520849 0.3744373 0.0986413 0.3857561 0.3332265 0.1058437 0.1777356 0.0021504 0.3976867 0.1111696 0.3452094 0.1368296 0.1378535 0.1346137 0.1346137 0.1461275 0.0930900 0.1419540 0.1016599 0.4096077 0.2485771 0.2527410 0.5011858 0.4932471 0.5185706 0.5021987 0.5021987 0.5068496 0.2843066 0.2843066 0.3776214 0.1388401 0.0949146 0.0880021 0.0994073 0.3781257 0.3878094 0.3872112 0.3781257 0.4077504 0.4015166 0.3220436 0.2524289 0.3182226 0.0899842 0.1012528 0.0000010 0.4062829 0.1610911 0.3643550 0.3643550 0.3723726 0.4106128 0.1133054 0.4027765 0.4064402 0.0759305 0.1372967 0.1372967 0.0872096 0.4064715 0.4066503 0.4132077 0.1772547 0.1773965 0.3332265 0.1351203 0.1827121 0.1752085 0.1766383 0.1058437 0.1099078 0.2651657 0.1765001 0.1643972 0.1923166 0.4117993 0.1644371 0.1644371 0.1603329 0.1777356 0.1740952 0.3909531 0.3976867 0.3756990 0.3271106 0.3308047 0.0021573 0.0021504 0.1216723 0.1340350 0.1470037 0.1260318 0.1027213 0.0995138 0.1135089 1.2933278 0.4100110 0.0853714 1.4780835 0.0930900 0.1353377 0.3916096 0.1025781 0.1025781 0.0893242 0.0878208 0.3428787 0.1616402 0.3500827 0.2980838 0.1410155 0.1823146 0.3715831 0.4527962 0.1485332 0.4011772 0.4013500 0.3428787 0.3830976 0.1616402 0.1223488 0.1449714 0.1449714 0.1482757 0.1481460 0.1481460 0.0956311 0.0953950 0.0953950 0.0953950 0.0979722 0.0961188 0.0951483 0.0961188 0.0946703 0.2525283 0.4684651 0.4464993 0.0949146 0.4192141 0.2630490 0.1632789 0.0960662 0.1185574 0.1312753 0.1509138 0.0062336 0.0635321 0.1024392 0.1010991 0.0974856 0.4359129 0.4567858 0.4464993 0.4540443 0.4464993 0.3554062 0.3572659 0.3718933 0.3718933 0.3146382 0.3208379 0.4090082 0.3993940 0.4071343 0.4064302 0.4012281 0.4071343 0.4071343 
Strobilomyces_007 0.4241387 0.4241387 0.2307450 0.4684769 0.2485771 0.0000000 0.4618532 0.2361318 0.4550637 0.4650338 0.4163225 0.2049927 0.2813274 0.3700487 0.2843470 0.2974769 0.2723659 0.4987184 0.3062447 0.4124304 0.3618945 0.2798552 0.4050098 0.4472102 0.4472102 0.4399949 0.4361651 0.3232669 0.3232669 0.2864161 0.1823359 0.1761777 0.4439125 0.3451263 0.2936620 0.4081905 0.3887270 0.4603648 0.4799262 0.2499935 0.2723051 0.4399850 0.2512671 0.4361651 0.4729458 0.2807103 0.3148984 0.2673862 0.4610611 0.2869288 0.4222064 0.2754334 0.2838872 0.2797576 0.2797576 0.3229919 0.2560866 0.2898071 0.2849009 0.4735199 0.0000010 0.0020315 0.4652756 0.4581710 0.4601611 0.4459758 0.4459758 0.4550549 0.3368147 0.3368147 0.4374627 0.2499935 0.2450596 0.2205515 0.2576404 0.4337356 0.4384764 0.4377828 0.4337356 0.4120355 0.4163225 0.3297106 0.0020813 0.3165245 0.2063604 0.2696238 0.2607640 0.4106308 0.3046446 0.4546631 0.4546631 0.4324293 0.4690572 0.2994910 0.4671120 0.4603648 0.2412792 0.2857780 0.2857780 0.1949065 0.4098372 0.4212724 0.4227824 0.2930656 0.3014166 0.4729458 0.2559234 0.2887589 0.3254452 0.3122176 0.2807103 0.2745798 0.0229358 0.3207619 0.2770071 0.3648323 0.3700487 0.2861156 0.2861156 0.2808147 0.3148984 0.3194415 0.4695399 0.4610611 0.4259969 0.3345922 0.3285014 0.2545120 0.2673862 0.1991166 0.2101499 0.2765919 0.2665268 0.2316987 0.2057100 0.1735606 1.4437456 0.5133243 0.2154344 1.3938617 0.2560866 0.2814514 0.4374078 0.2257598 0.2241198 0.2376084 0.1863584 0.2615272 0.2931699 0.3526002 0.5261241 0.2826504 0.3331103 0.4415286 0.4435992 0.2628639 0.4697337 0.4647010 0.2615272 0.4659016 0.2931699 0.2106454 0.3271770 0.3271770 0.3318108 0.3271770 0.3315540 0.2446419 0.2439275 0.2479858 0.2479858 0.2432297 0.2460702 0.2432297 0.2460702 0.2458509 0.0020300 0.5370409 0.4818773 0.2450596 0.3901652 0.2972521 0.2529231 0.1941413 0.2376891 0.2153247 0.2637480 0.2124851 0.1858115 0.1394732 0.2197932 0.2156739 0.4842961 0.4845880 0.4738749 0.4812070 0.4818773 0.4935846 0.4749839 0.4912321 0.4912321 0.4541550 0.4613335 0.4621852 0.4522900 0.4601833 0.4594336 0.4543265 0.4601833 0.4601833 
Strobilomyces_008 0.0886089 0.0886089 0.3793946 0.4814092 0.3909620 0.4618532 0.0000000 0.4244709 0.0021143 0.0000010 0.1057592 0.4300117 0.4628655 0.3917125 0.4416713 0.4416713 0.4355378 0.5016293 0.4695078 0.1081832 0.0387241 0.3583345 0.1057592 0.0784759 0.0784759 0.0752905 0.1090021 0.3928348 0.3928348 0.3699161 0.2675853 0.2652313 0.1016707 0.5419874 0.4632130 0.1054073 0.3930573 0.1179802 0.0201603 0.4880779 0.4783901 0.1031366 0.4260700 0.1090021 0.6825330 0.4503298 0.4201414 0.4089574 0.0220998 0.4517013 0.0637870 0.4601384 0.4440457 0.4497888 0.4497888 0.4267026 0.4588563 0.4456631 0.4276248 0.0244570 0.4618532 0.4676991 0.5481367 0.5397042 0.5664107 0.5490395 0.5490395 0.5663166 0.3816717 0.3816717 0.0961957 0.4880779 0.4211185 0.3962926 0.4072047 0.1009807 0.1120664 0.1093162 0.1009807 0.0986854 0.1057592 0.3832569 0.4671414 0.3725193 0.3906901 0.4291366 0.3960785 0.1042898 0.4632130 0.0806970 0.0806970 0.1176492 0.1527526 0.4760997 0.1184696 0.1179802 0.4554827 0.4527116 0.4527116 0.3657689 0.1085460 0.1085827 0.1155763 0.4602251 0.4603754 0.6825330 0.4362540 0.4399175 0.3949296 0.3859153 0.4503298 0.4468359 0.4674896 0.4653648 0.4628655 0.4189261 0.3917125 0.3646192 0.3646192 0.3582991 0.4201414 0.4256624 0.0220149 0.0220998 0.0861761 0.3887841 0.3914460 0.3984295 0.4089574 0.4241827 0.4299201 0.4323531 0.3673048 0.3997168 0.3872854 0.4306620 1.6359334 0.0338891 0.3818641 1.6569186 0.4588563 0.4474252 0.0965411 0.3942595 0.3942595 0.4056329 0.3398319 0.4248015 0.3555803 0.4951243 0.7164795 0.3857330 0.3984381 0.0931957 0.0587690 0.4394899 0.0312190 0.0243680 0.4248015 0.0200304 0.3555803 0.4270226 0.4570060 0.4570060 0.4628792 0.4570060 0.4517267 0.4147764 0.4189740 0.4189740 0.4189740 0.4175687 0.4056300 0.4175687 0.4056300 0.4197112 0.4566006 0.0495282 0.0742720 0.4211185 0.3463321 0.3900065 0.3056503 0.2607409 0.3622971 0.3779724 0.3196385 0.3433038 0.3028105 0.3646338 0.3511044 0.3439049 0.0783478 0.0867253 0.0742720 0.0779135 0.0742720 0.0217791 0.0154237 0.0217016 0.0185394 0.0453594 0.0487643 0.0884721 0.0843346 0.0844716 0.0843346 0.0809220 0.0844716 0.0959246 
Strobilomyces_009 0.4412412 0.4412412 0.1061835 0.4581334 0.0871134 0.2361318 0.4244709 0.0000000 0.4229925 0.4328047 0.4424845 0.1322494 0.1377498 0.3764379 0.1360385 0.1422620 0.0245993 0.4154552 0.1959638 0.4647391 0.3686292 0.1588305 0.4328545 0.3900507 0.3900507 0.3851675 0.4349063 0.3521667 0.3521667 0.3014533 0.0724006 0.0644422 0.4526839 0.1399881 0.1028944 0.3899970 0.4289251 0.4384393 0.4506685 0.0586796 0.1055844 0.4177343 0.0222804 0.4349063 0.3075485 0.1219223 0.1432573 0.0999341 0.4277773 0.0470334 0.3709003 0.1217160 0.1270958 0.1239351 0.1239351 0.1430022 0.0221524 0.1345022 0.0368139 0.4401611 0.2361318 0.2401568 0.5103241 0.5022936 0.5056820 0.5056820 0.5056820 0.5160394 0.3417005 0.3417005 0.4378291 0.0586796 0.0198437 0.0890133 0.0185878 0.4182624 0.4321182 0.4365790 0.4182624 0.4588778 0.4424845 0.3533964 0.2488968 0.3587239 0.0924455 0.0317810 0.0965521 0.4571647 0.1095593 0.3828595 0.3828595 0.3969628 0.4454116 0.0427360 0.4346837 0.4384393 0.1246443 0.1196435 0.1196435 0.0868664 0.4381665 0.4479066 0.4548654 0.1452209 0.1450936 0.3075485 0.1235733 0.1450957 0.1748505 0.1823647 0.1219223 0.1265143 0.2639405 0.1487733 0.1381681 0.1888963 0.3764379 0.1630857 0.1630857 0.1590830 0.1432573 0.1465757 0.4207677 0.4277773 0.4051327 0.3587742 0.3711672 0.0973282 0.0999341 0.1348899 0.1472048 0.1501600 0.1343580 0.1066690 0.1023131 0.1026788 1.2151954 0.4533503 0.0217890 1.2459672 0.0221524 0.1245916 0.4305040 0.1078885 0.1065226 0.0175780 0.0133202 0.3407494 0.1678557 0.3349737 0.2347760 0.1612668 0.1793910 0.4311659 0.4952456 0.1452461 0.4206365 0.4314900 0.3407494 0.4214291 0.1678557 0.1426259 0.0942393 0.0942393 0.0971509 0.0970662 0.0970662 0.0201229 0.0200810 0.0200284 0.0200284 0.0223155 0.0202119 0.0200346 0.0202119 0.0198953 0.2399555 0.5072451 0.4846220 0.0198437 0.3695615 0.3100444 0.1372905 0.0772781 0.1047136 0.1230590 0.1596743 0.0689474 0.0707399 0.0749660 0.0843120 0.0807964 0.4658181 0.4950204 0.4764320 0.4839383 0.4846220 0.3924996 0.3945017 0.4092340 0.4092340 0.3451941 0.3513877 0.4393951 0.4297406 0.4374706 0.4367493 0.4316672 0.4374706 0.4374706 
Strobilomyces_010 0.0911687 0.0911687 0.3731588 0.4881260 0.3847695 0.4550637 0.0021143 0.4229925 0.0000000 0.0021213 0.1111031 0.4234386 0.4559481 0.3960341 0.4458657 0.4458657 0.4340797 0.5114684 0.4625035 0.1136563 0.0415094 0.3527073 0.1111031 0.0809543 0.0809543 0.0803723 0.1115712 0.3928348 0.3928348 0.3699161 0.2675853 0.2652313 0.1070611 0.5340273 0.4562495 0.1107356 0.3975861 0.1234537 0.0224100 0.4796668 0.4709712 0.1056846 0.4246330 0.1115712 0.6799624 0.4434738 0.4239277 0.4026699 0.0243198 0.4448813 0.0663397 0.4585484 0.4481738 0.4426656 0.4426656 0.4202492 0.4519523 0.4440653 0.4261441 0.0266913 0.4550637 0.4608434 0.5582962 0.5497571 0.5767594 0.5591744 0.5591744 0.5766663 0.3753996 0.3753996 0.0987550 0.4796668 0.4197112 0.3900881 0.4058233 0.1038000 0.1149410 0.1118925 0.1038000 0.1040417 0.1111031 0.3870461 0.4602948 0.3764312 0.3845476 0.4276801 0.3898244 0.1096875 0.4562495 0.0831695 0.0831695 0.1202418 0.1554764 0.4744019 0.1239660 0.1234537 0.4484986 0.4455869 0.4455869 0.3597382 0.1139105 0.1139489 0.1210479 0.4533316 0.4534856 0.6799624 0.4295219 0.4438011 0.3886955 0.3897006 0.4434738 0.4399502 0.4606381 0.4584574 0.4559481 0.4124514 0.3960341 0.3589125 0.3589125 0.3526683 0.4239277 0.4294678 0.0242263 0.0243198 0.0886667 0.3925941 0.3953322 0.3922497 0.4026699 0.4177328 0.4234054 0.4258017 0.3614140 0.3934319 0.3810816 0.4306620 1.6359334 0.0361626 0.3858005 1.6569186 0.4519523 0.4458137 0.1019149 0.3880294 0.3880294 0.4042880 0.3448447 0.4231488 0.3499485 0.4933311 0.7120348 0.3793612 0.3918684 0.0957418 0.0611413 0.4399937 0.0334622 0.0265941 0.4231488 0.0222656 0.3499485 0.4205052 0.4554501 0.4554501 0.4612983 0.4554501 0.4501926 0.4133853 0.4175687 0.4175687 0.4175687 0.4161721 0.4042720 0.4161721 0.4042720 0.4183127 0.4498676 0.0519052 0.0742720 0.4197112 0.3463321 0.3900065 0.3056503 0.2607409 0.3622971 0.3779724 0.3196385 0.3433038 0.3028105 0.3646338 0.3511044 0.3439049 0.0783478 0.0867253 0.0742720 0.0779135 0.0742720 0.0217791 0.0154237 0.0217016 0.0185394 0.0453594 0.0487643 0.0884721 0.0843346 0.0844716 0.0843346 0.0809220 0.0844716 0.0959246 
Strobilomyces_011 0.0889898 0.0889898 0.3819804 0.4854560 0.3935790 0.4650338 0.0000010 0.4328047 0.0021213 0.0000000 0.1090172 0.4329606 0.4661117 0.3932473 0.4449368 0.4449368 0.4436749 0.5110041 0.4728221 0.1115338 0.0388068 0.3605807 0.1090172 0.0788005 0.0788005 0.0782309 0.1094776 0.3894665 0.3894665 0.3745505 0.2706350 0.2682764 0.1049348 0.5460805 0.4664818 0.1086538 0.3946715 0.1213850 0.0202326 0.4901843 0.4819416 0.1035814 0.4341549 0.1094776 0.6950421 0.4534949 0.4229488 0.4116909 0.0221782 0.4548543 0.0667968 0.4688420 0.4472770 0.4530750 0.4530750 0.4295836 0.4620785 0.4489130 0.4359487 0.0245446 0.4650338 0.4709348 0.5515007 0.5429877 0.5699346 0.5523992 0.5523992 0.5698404 0.3830085 0.3830085 0.0966110 0.4901843 0.4290701 0.3989372 0.4151120 0.1016758 0.1128469 0.1097945 0.1016758 0.1019127 0.1090172 0.3858265 0.4703705 0.3750998 0.3932847 0.4373103 0.3987436 0.1075727 0.4664818 0.0810304 0.0810304 0.1181693 0.1534723 0.4852883 0.1218914 0.1213850 0.4587294 0.4560116 0.4560116 0.3682106 0.1118318 0.1118697 0.1189667 0.4634481 0.4635972 0.6950421 0.4393018 0.4429279 0.3975814 0.3884996 0.4534949 0.4499986 0.4707225 0.4686156 0.4661117 0.4217845 0.3932473 0.3669236 0.3669236 0.3605467 0.4229488 0.4285198 0.0220927 0.0221782 0.0865360 0.3914042 0.3885606 0.4010722 0.4116909 0.4270515 0.4328420 0.4353021 0.3696956 0.4024107 0.3898919 0.4370547 1.6902177 0.0340136 0.3900560 1.6749259 0.4620785 0.4507043 0.0997674 0.3969068 0.3969068 0.4133403 0.3481247 0.4281481 0.3578172 0.5047044 0.7169536 0.3815087 0.4012502 0.0935952 0.0589986 0.4499514 0.0313318 0.0244548 0.4281481 0.0201018 0.3578172 0.4299338 0.4655417 0.4655417 0.4715136 0.4655417 0.4601778 0.4226820 0.4269303 0.4269303 0.4269303 0.4254855 0.4134138 0.4254855 0.4134138 0.4276235 0.4597331 0.0497208 0.0749521 0.4290701 0.3502159 0.3958387 0.3096967 0.2640571 0.3674260 0.3833329 0.3237723 0.3480110 0.3071759 0.3697543 0.3559800 0.3486563 0.0790726 0.0875441 0.0749521 0.0786302 0.0749521 0.0219591 0.0155497 0.0218804 0.0186913 0.0457540 0.0491905 0.0892928 0.0851092 0.0852487 0.0851092 0.0816642 0.0852487 0.0968224 
Strobilomyces_012 0.1209178 0.1209178 0.3606563 0.4233914 0.4015166 0.4163225 0.1057592 0.4424845 0.1111031 0.1090172 0.0000000 0.4294462 0.4581788 0.3452140 0.4380000 0.4463972 0.4475983 0.4649235 0.4850975 0.0063123 0.1068700 0.3711806 0.0000010 0.1151391 0.1151391 0.0984486 0.1183903 0.4506811 0.4506811 0.4808201 0.3352248 0.3190113 0.1210230 0.5214418 0.4475200 0.0866128 0.4063160 0.0892720 0.0945531 0.4656552 0.5128447 0.1181194 0.4203277 0.1183903 0.6397546 0.4234680 0.4492845 0.4288761 0.0904816 0.4420470 0.1039345 0.4333857 0.4225073 0.4278191 0.4278191 0.4328531 0.4656082 0.4224560 0.4590535 0.0960730 0.4163225 0.4109863 0.5445190 0.5364252 0.5560433 0.5453974 0.5453974 0.5619717 0.4121839 0.4121839 0.1113263 0.4656552 0.4107937 0.4072917 0.4103208 0.1108578 0.1189405 0.1187212 0.1108578 0.0000010 0.0000010 0.4521257 0.4259512 0.4873936 0.3923575 0.4415241 0.4322209 0.0041627 0.4475200 0.1063901 0.1063901 0.1097146 0.1424849 0.4774717 0.0948136 0.0892720 0.4867599 0.4362666 0.4362666 0.3775170 0.0020960 0.0020338 0.0082746 0.4761322 0.4762676 0.6397546 0.4589308 0.4483640 0.4077964 0.4097998 0.4234680 0.4249610 0.4108153 0.4842784 0.4545689 0.4387797 0.3452140 0.3836748 0.3836748 0.3773286 0.4492845 0.4548428 0.0927424 0.0904816 0.0959092 0.4580759 0.4853909 0.4184794 0.4288761 0.4149607 0.4293636 0.4309658 0.3726171 0.4097860 0.3875919 0.4946690 1.7277479 0.1072767 0.4123854 1.6599493 0.4656082 0.4255327 0.1160305 0.3944892 0.4044736 0.4056966 0.2596261 0.4669520 0.3928158 0.4643544 0.5884243 0.4054607 0.4355856 0.1110520 0.0955456 0.4775334 0.1035878 0.0930842 0.4669520 0.0945050 0.3928158 0.4371277 0.4552910 0.4552910 0.4609619 0.4606249 0.4501918 0.4143133 0.4128809 0.4164121 0.4164121 0.4115384 0.4054199 0.4115384 0.4054199 0.4122964 0.4115791 0.1315121 0.0000010 0.4107937 0.3573841 0.5105504 0.3668350 0.3321079 0.4393945 0.4220205 0.3840859 0.4306609 0.3659201 0.4165086 0.3994561 0.3920452 0.0028972 0.0088139 0.0000010 0.0028836 0.0000010 0.0706781 0.0671408 0.0704171 0.0738899 0.0851209 0.0886861 0.0887686 0.0847698 0.0849028 0.0847698 0.0814733 0.0849028 0.0959641 
Strobilomyces_013 0.4292224 0.4292224 0.1321542 0.4978704 0.1194253 0.2049927 0.4300117 0.1322494 0.4234386 0.4329606 0.4294462 0.0000000 0.1959338 0.3997424 0.1348367 0.1414116 0.1432054 0.3951433 0.2450201 0.4450332 0.3666401 0.2123413 0.4283577 0.3740717 0.3740717 0.3796060 0.4040287 0.3350093 0.3350093 0.3127391 0.1120803 0.1047421 0.4296043 0.2385652 0.1949676 0.3744256 0.3994700 0.4334544 0.4573847 0.1446817 0.1749631 0.4074257 0.1332570 0.4040287 0.3825600 0.1366252 0.2101764 0.1341210 0.4346706 0.1638839 0.3750558 0.1434707 0.1330840 0.1330840 0.1330840 0.1680101 0.1311921 0.1398784 0.1526704 0.4468240 0.2049927 0.2086747 0.4992061 0.4915356 0.5221664 0.5062122 0.5062122 0.4995994 0.3573944 0.3573944 0.4134203 0.1446817 0.1291170 0.1093169 0.1269089 0.4030133 0.4061246 0.4055069 0.4030133 0.4446420 0.4294462 0.3497499 0.2158298 0.3546491 0.1061499 0.1404682 0.1313518 0.4430581 0.1999542 0.3782433 0.3782433 0.3649512 0.4091918 0.1559030 0.4298266 0.4334544 0.1530929 0.1389515 0.1389515 0.0930715 0.4334576 0.4345785 0.4361577 0.2148577 0.2185404 0.3825600 0.1302501 0.2106464 0.2286077 0.2305333 0.1366252 0.1354759 0.2268057 0.2078848 0.1965524 0.2289153 0.3997424 0.2136440 0.2136440 0.2091670 0.2101764 0.2139094 0.4379625 0.4346706 0.3812786 0.3548872 0.3666237 0.1246665 0.1341210 0.0020570 0.0082783 0.1854184 0.1294606 0.1162114 0.0996818 0.0029571 1.2077231 0.4704402 0.1227958 1.1025556 0.1311921 0.1337647 0.4250214 0.1108459 0.1160567 0.1290077 0.1161462 0.3079239 0.2192328 0.3661080 0.3373171 0.1549191 0.2367543 0.4120766 0.4730586 0.1584561 0.4484750 0.4382954 0.3079239 0.4389504 0.2192328 0.0042314 0.1947126 0.1947126 0.1983767 0.1982076 0.1982076 0.1312044 0.1308733 0.1304894 0.1304894 0.1305345 0.1283727 0.1305345 0.1283727 0.1294931 0.2085007 0.5144298 0.4864939 0.1291170 0.4100031 0.3180531 0.1746912 0.1059865 0.1562335 0.1413130 0.2059108 0.1064064 0.1079753 0.0000028 0.1118603 0.1082534 0.4678434 0.4892549 0.4783743 0.4858178 0.4864939 0.4290481 0.4312572 0.4465931 0.4465931 0.3734077 0.3797951 0.4261113 0.4167701 0.4242670 0.4235751 0.4111445 0.4091873 0.4242670 
Strobilomyces_014 0.4889392 0.4889392 0.1706753 0.5290304 0.1643972 0.2813274 0.4628655 0.1377498 0.4559481 0.4661117 0.4581788 0.1959338 0.0000000 0.4239754 0.2112042 0.2178928 0.1825623 0.5097201 0.1997083 0.4750578 0.4278646 0.1701385 0.4491634 0.4058314 0.4058314 0.4107698 0.4311031 0.4101197 0.4101197 0.3532791 0.1024849 0.0951231 0.4588670 0.2359335 0.1889221 0.4199999 0.4856027 0.4957255 0.4803643 0.1693588 0.1766711 0.4145813 0.1793271 0.4311031 0.3529156 0.1781638 0.0958087 0.1631068 0.4654788 0.1869090 0.3971724 0.2016397 0.1930504 0.1859350 0.1859350 0.2099919 0.1539961 0.2016908 0.1685029 0.4686511 0.2813274 0.2856061 0.5714114 0.5629002 0.5731994 0.5663508 0.5663508 0.5773762 0.4079268 0.4079268 0.4830784 0.1693588 0.1744304 0.1570769 0.1588071 0.4199697 0.4333866 0.4327031 0.4199697 0.4746822 0.4581788 0.4203534 0.2961823 0.4295542 0.1554792 0.1530273 0.1607902 0.4849981 0.1973707 0.4092707 0.4092707 0.4083025 0.4612217 0.1898974 0.4918693 0.4957255 0.1986931 0.1841684 0.1841684 0.1550082 0.4543923 0.4635205 0.4651916 0.0373537 0.0350895 0.3529156 0.1948277 0.0990931 0.1667597 0.1500581 0.1781638 0.1774221 0.3065925 0.0301933 0.0000010 0.1809662 0.4239754 0.1679539 0.1679539 0.1640111 0.0958087 0.0986202 0.4582819 0.4654788 0.4209721 0.4261277 0.4409694 0.1566500 0.1631068 0.1944515 0.2080098 0.1920908 0.1630096 0.1539192 0.1423137 0.1463476 1.2489755 0.4916709 0.1492619 1.3364718 0.1539961 0.1869713 0.4371608 0.1504935 0.1475092 0.1681142 0.1749483 0.3711496 0.1726704 0.3904012 0.4351507 0.1887642 0.1707454 0.4761295 0.5203393 0.1780489 0.4700940 0.4691712 0.3711496 0.4715456 0.1726704 0.2048401 0.1841506 0.1841506 0.1876492 0.1874922 0.1874922 0.1773802 0.1769050 0.1763663 0.1763663 0.1764292 0.1783414 0.1764292 0.1783414 0.1749578 0.2853785 0.5445874 0.4777149 0.1744304 0.3876574 0.3876190 0.0962720 0.1165906 0.1283660 0.1429181 0.1643799 0.1124336 0.0974834 0.1031013 0.0090886 0.0060577 0.4594465 0.4804054 0.4697491 0.4770443 0.4777149 0.4245093 0.4266894 0.4419260 0.4419260 0.3692028 0.3755548 0.4587719 0.4489231 0.4567835 0.4560389 0.4431232 0.4409630 0.4409630 
Strobilomyces_015 0.3990854 0.3990854 0.3153357 0.2693434 0.4117993 0.3700487 0.3917125 0.3764379 0.3960341 0.3932473 0.3452140 0.3997424 0.4239754 0.0000000 0.3840752 0.3991614 0.4324070 0.4620320 0.4560457 0.3571012 0.3619038 0.3888208 0.3493805 0.3454178 0.3454178 0.3292268 0.3411187 0.3999440 0.3999440 0.3781650 0.3291486 0.3132118 0.3710383 0.4401478 0.4065294 0.3241834 0.1731779 0.3843751 0.3943091 0.4129841 0.4442468 0.3311590 0.4158360 0.3411187 0.7349428 0.3612338 0.4175390 0.4035687 0.3675543 0.4383234 0.3311273 0.3601544 0.3613335 0.3668377 0.3668377 0.4060602 0.4066348 0.3746684 0.4462655 0.3800646 0.3700487 0.3642720 0.5736861 0.5638371 0.5957764 0.5754200 0.5754200 0.5638371 0.3794238 0.3794238 0.3803776 0.4129841 0.4048695 0.3969239 0.4377300 0.3347236 0.3430442 0.3425017 0.3347236 0.3571641 0.3452140 0.3886757 0.3758027 0.4026496 0.3767362 0.4265447 0.4067231 0.3628676 0.4065294 0.3333119 0.3333119 0.3465961 0.3940660 0.4010769 0.3863953 0.3843751 0.4058888 0.3773281 0.3773281 0.4142027 0.3440610 0.3503735 0.3501525 0.4618488 0.4684771 0.7349428 0.3790772 0.4203933 0.3491813 0.3456316 0.3612338 0.3711884 0.3857725 0.4858594 0.4198665 0.3936107 0.0000010 0.4036486 0.4036486 0.3959473 0.4175390 0.4175390 0.3656947 0.3675543 0.3308612 0.3948194 0.4029257 0.3978879 0.4035687 0.3926724 0.4085073 0.3730356 0.3727746 0.4127044 0.4178584 0.4289148 1.7243106 0.3988392 0.3931125 1.8020210 0.4066348 0.3628559 0.3504186 0.4178584 0.4127044 0.3978648 0.3411628 0.4635133 0.4072715 0.4241122 0.6716545 0.4188817 0.3694812 0.3736544 0.3680384 0.4590245 0.3660164 0.3714951 0.4635133 0.3770824 0.4072715 0.4171655 0.4376084 0.4376084 0.4439864 0.4436099 0.4436099 0.4088414 0.4072023 0.4112959 0.4112959 0.4056662 0.4120648 0.4056662 0.4120648 0.4065861 0.3648816 0.4666928 0.3492203 0.4048695 0.0034897 0.4703637 0.3294952 0.3794316 0.3894275 0.3728029 0.4192010 0.3934037 0.3340345 0.3952277 0.3776738 0.3776738 0.3511469 0.3491351 0.3410837 0.3484577 0.3492203 0.3545953 0.3363103 0.3525721 0.3525721 0.2835717 0.2903704 0.3373684 0.3276728 0.3356063 0.3349342 0.3276728 0.3276728 0.3196901 
Strobilomyces_016 0.4454548 0.4454548 0.0874573 0.4641252 0.1373136 0.2843470 0.4416713 0.1360385 0.4458657 0.4449368 0.4380000 0.1348367 0.2112042 0.3840752 0.0000000 0.0000010 0.1597676 0.4931620 0.2525329 0.4378979 0.3729113 0.2188283 0.4380000 0.3906495 0.3906495 0.4056803 0.4531442 0.3293381 0.3293381 0.2931682 0.1120032 0.1136819 0.4588394 0.2908501 0.2328358 0.4123582 0.4653131 0.4541357 0.4547232 0.1799677 0.1704822 0.4453681 0.1597149 0.4531442 0.3998588 0.1537195 0.2034344 0.1444244 0.4467643 0.1689414 0.4058639 0.0904973 0.0022477 0.0067799 0.0067799 0.1160391 0.1475301 0.0068146 0.1589998 0.4547232 0.2843470 0.2890937 0.5346355 0.5258358 0.5277027 0.5294875 0.5294875 0.5408628 0.3239285 0.3239285 0.4470798 0.1799677 0.1546247 0.0733295 0.1389930 0.4424236 0.4558549 0.4550339 0.4424236 0.4380000 0.4380000 0.3718128 0.2887158 0.3654508 0.0792168 0.1468602 0.1410930 0.4440754 0.2370049 0.3890155 0.3890155 0.3877641 0.4442060 0.1685165 0.4405989 0.4541357 0.1531304 0.0161727 0.0161727 0.0713254 0.4323286 0.4437168 0.4378979 0.2167598 0.2291871 0.3998588 0.1497393 0.2030269 0.2211747 0.2224698 0.1537195 0.1526499 0.3171071 0.2110951 0.2112042 0.2408257 0.3840752 0.2246244 0.2246244 0.2195195 0.2034344 0.2034344 0.4446029 0.4467643 0.4257895 0.3775912 0.3780922 0.1375853 0.1444244 0.1371993 0.1474612 0.1894854 0.1744188 0.1453189 0.1364094 0.1257825 1.3168834 0.4446029 0.1334309 1.4856719 0.1475301 0.0045276 0.4464202 0.1451082 0.1451082 0.1512280 0.1488298 0.3592352 0.2208543 0.4248068 0.3761525 0.2023326 0.2266611 0.4398890 0.4737494 0.1873222 0.4627825 0.4507997 0.3592352 0.4446029 0.2208543 0.1404971 0.2308098 0.2308098 0.2351462 0.2308098 0.2268107 0.1559755 0.1555251 0.1555251 0.1555251 0.1516032 0.1568917 0.1550699 0.1568917 0.1541746 0.2888402 0.5071291 0.5081311 0.1546247 0.3505636 0.3012393 0.1830858 0.1423529 0.1673376 0.1703551 0.2025467 0.1271877 0.1370364 0.1065118 0.1336391 0.1294786 0.4959804 0.5079248 0.5081311 0.5166757 0.5081311 0.4175677 0.4199455 0.4367601 0.4367601 0.3637845 0.3708074 0.4377959 0.4272152 0.4356883 0.4348985 0.4272152 0.4272152 0.4356883 
Strobilomyces_017 0.4454548 0.4454548 0.0930588 0.4805044 0.1373136 0.2974769 0.4416713 0.1422620 0.4458657 0.4449368 0.4463972 0.1414116 0.2178928 0.3991614 0.0000010 0.0000000 0.1658751 0.5017638 0.2595565 0.4462907 0.3729113 0.2255473 0.4380000 0.3988825 0.3988825 0.4139920 0.4617453 0.3447066 0.3447066 0.3084114 0.1120032 0.1136819 0.4674718 0.2982581 0.2397656 0.4206632 0.4653131 0.4568092 0.4633439 0.1799677 0.1769961 0.4539103 0.1659329 0.4617453 0.3998588 0.1598208 0.2100668 0.1503853 0.4553245 0.1689414 0.4058639 0.0959587 0.0067546 0.0113190 0.0113190 0.1218536 0.1536082 0.0113769 0.1589998 0.4633439 0.2974769 0.3023093 0.5432330 0.5343745 0.5362266 0.5380300 0.5380300 0.5494882 0.3401033 0.3401033 0.4556162 0.1799677 0.1607597 0.0786873 0.1389930 0.4509963 0.4645084 0.4636682 0.4509963 0.4463972 0.4463972 0.3857091 0.2970181 0.3796500 0.0846258 0.1529201 0.1470327 0.4525098 0.2439595 0.3972246 0.3972246 0.3958952 0.4469182 0.1748516 0.4432979 0.4568092 0.1628330 0.0208282 0.0208282 0.0713254 0.4323286 0.4521477 0.4462907 0.2275581 0.2401454 0.3998588 0.1557996 0.2096503 0.2239243 0.2252270 0.1598208 0.1588209 0.3308132 0.2176889 0.2186620 0.2477222 0.3991614 0.2314153 0.2314153 0.2262604 0.2100668 0.2100668 0.4531371 0.4553245 0.4342010 0.3915797 0.3920952 0.1434978 0.1503853 0.1442227 0.1541449 0.1968338 0.1815962 0.1514366 0.1364094 0.1350533 1.2772756 0.4531371 0.1399750 1.5094610 0.1536082 0.0090708 0.4549952 0.1451082 0.1512196 0.1573434 0.1488298 0.3738670 0.2276375 0.4330872 0.3761525 0.2101018 0.2295010 0.4483666 0.4824564 0.1938670 0.4714222 0.4593598 0.3738670 0.4531371 0.2276375 0.1470939 0.2335523 0.2335523 0.2378863 0.2335523 0.2295571 0.1627072 0.1622349 0.1616962 0.1616962 0.1582577 0.1636663 0.1617591 0.1636663 0.1602922 0.3020479 0.5161370 0.5205730 0.1607597 0.3716481 0.3194508 0.1887993 0.1476594 0.1820242 0.1703551 0.2025467 0.1271877 0.1370364 0.1065118 0.1336391 0.1294786 0.5109146 0.5203566 0.5232769 0.5319434 0.5205730 0.4292206 0.4316600 0.4486045 0.4486045 0.3750073 0.3820863 0.4496935 0.4389973 0.4475448 0.4467406 0.4389973 0.4389973 0.4475448 
Strobilomyces_018 0.4572559 0.4572559 0.1226655 0.4730588 0.1029164 0.2723659 0.4355378 0.0245993 0.4340797 0.4436749 0.4475983 0.1432054 0.1825623 0.4324070 0.1597676 0.1658751 0.0000000 0.4479044 0.2117717 0.4751357 0.3811394 0.1605506 0.4384716 0.3930699 0.3930699 0.3883624 0.4264220 0.3702729 0.3702729 0.3324339 0.0931389 0.0855274 0.4428968 0.1460218 0.1058803 0.4049959 0.4646116 0.4436896 0.4630917 0.0543623 0.1078922 0.4149229 0.0281131 0.4264220 0.3198176 0.1441305 0.1887037 0.1171642 0.4402804 0.0404546 0.3749716 0.1415519 0.1463566 0.1400466 0.1400466 0.1579718 0.0237069 0.1538121 0.0232063 0.4523720 0.2723659 0.2765015 0.5146689 0.5069495 0.5257401 0.5156058 0.5156058 0.5201541 0.3665380 0.3665380 0.4531620 0.0543623 0.0256886 0.1167449 0.0088583 0.4087623 0.4237425 0.4279898 0.4087623 0.4634997 0.4475983 0.3942673 0.2864758 0.4017680 0.1161508 0.0216642 0.1141840 0.4618395 0.1124458 0.3964303 0.3964303 0.4070876 0.4435136 0.0315757 0.4400747 0.4436896 0.1613820 0.1453925 0.1453925 0.1132490 0.4435886 0.4528254 0.4653329 0.1910648 0.1912097 0.3198176 0.1371781 0.1822431 0.1946439 0.1961943 0.1441305 0.1467641 0.2961407 0.1967713 0.1831200 0.1876800 0.4324070 0.1646483 0.1646483 0.1607960 0.1887037 0.1922404 0.4334256 0.4402804 0.4028692 0.3997598 0.4133159 0.1146254 0.1171642 0.1457417 0.1577244 0.1578590 0.1479924 0.1011306 0.0945162 0.1078890 1.1988806 0.4652432 0.0289968 1.1774197 0.0237069 0.1407684 0.4201477 0.1020944 0.1009979 0.0257204 0.0191863 0.3693150 0.1692414 0.3773639 0.2278666 0.1754729 0.2003315 0.4466251 0.5077608 0.1438313 0.4437347 0.4438710 0.3693150 0.4343096 0.1692414 0.1535732 0.0936190 0.0936190 0.0964322 0.0963509 0.0963509 0.0260391 0.0259863 0.0259204 0.0259204 0.0281557 0.0261509 0.0259283 0.0261509 0.0257533 0.2762837 0.5258649 0.4847950 0.0256886 0.4049470 0.3352128 0.1450158 0.0919132 0.1142504 0.1188468 0.1511349 0.0745373 0.0869257 0.0737272 0.1037409 0.1001655 0.4663894 0.5035330 0.4767801 0.4841261 0.4847950 0.3880513 0.3899844 0.4043121 0.4043121 0.3419855 0.3480219 0.4335931 0.4242299 0.4317345 0.4310376 0.4260841 0.4317345 0.4317345 
Strobilomyces_019 0.5042680 0.5042680 0.3971633 0.5687434 0.4653671 0.4987184 0.5016293 0.4154552 0.5114684 0.5110041 0.4649235 0.3951433 0.5097201 0.4620320 0.4931620 0.5017638 0.4479044 0.0000000 0.5260562 0.4798528 0.4145757 0.4862554 0.4634710 0.4792923 0.4792923 0.4743236 0.5022776 0.4504570 0.4504570 0.4231591 0.2672667 0.2560719 0.5158485 0.5500745 0.4754966 0.4854216 0.4492712 0.4554001 0.5121249 0.4395837 0.4869997 0.5003333 0.4143673 0.5022776 0.7687209 0.4276023 0.5455779 0.4568295 0.4838786 0.4639949 0.4601303 0.4398265 0.4648797 0.4648797 0.4648797 0.4997510 0.4319362 0.4771379 0.4640142 0.4907984 0.4987184 0.5047871 0.5482264 0.5399210 0.5590075 0.5420306 0.5420306 0.5480667 0.5320396 0.5320396 0.4976175 0.4395837 0.4201400 0.4611554 0.4556030 0.4884802 0.5057118 0.5042342 0.4884802 0.4740848 0.4649235 0.4842742 0.5269482 0.4823011 0.4309162 0.4480080 0.4534383 0.4664658 0.4791801 0.4833956 0.4833956 0.5135923 0.5764784 0.4501686 0.4622073 0.4554001 0.5051581 0.4873060 0.4873060 0.4478734 0.4688409 0.4703460 0.4773181 0.5405387 0.5345294 0.7687209 0.4395343 0.5658471 0.5194669 0.5036333 0.4276023 0.4196213 0.5338100 0.5549893 0.5117316 0.5567432 0.4620320 0.4904347 0.4904347 0.4826171 0.5455779 0.5521364 0.4819754 0.4838786 0.4650706 0.4906331 0.5000175 0.4439302 0.4568295 0.3977946 0.4169640 0.4647394 0.3962211 0.4600014 0.4496494 0.3134744 1.5455521 0.5331337 0.3799096 1.7871386 0.4319362 0.4626134 0.5011659 0.4663395 0.4542044 0.4102482 0.2858574 0.4882985 0.4948034 0.4114886 0.5979708 0.4003823 0.5102578 0.4966665 0.5020383 0.4904815 0.4702973 0.4936147 0.4882985 0.4916877 0.4948034 0.4197544 0.4800255 0.4800255 0.4860301 0.4800255 0.4856696 0.4064774 0.4119303 0.4103822 0.4103822 0.4103822 0.4092790 0.4155379 0.4092790 0.4217185 0.4932812 0.5405893 0.4457897 0.4201400 0.4347707 0.5247945 0.3962865 0.3004843 0.3672142 0.3572441 0.4025595 0.3234048 0.3033533 0.2861844 0.3446629 0.3464489 0.4480279 0.4556478 0.4379390 0.4379390 0.4457897 0.4459317 0.4359005 0.4437672 0.4437672 0.3960662 0.4027925 0.4357459 0.4260910 0.4267995 0.4260910 0.4210156 0.4267995 0.4497631 
