169
Suillellus_001 0.0000000 0.0152119 0.0276708 0.0152119 0.0152371 0.0845206 0.0643056 0.2840852 0.3506755 0.0878092 0.0197310 0.0258821 0.0276708 0.0301492 0.0197310 0.0241331 0.0259168 0.0259075 0.0258821 0.0287601 0.0135162 0.0169399 0.0110962 0.0133472 0.0153617 0.0332024 0.0337413 0.0335977 0.0141776 0.0342938 0.0221847 0.0812190 0.0844774 0.1016260 0.0874072 0.0860239 0.0250152 0.1029722 0.0649021 0.0975898 0.1157924 0.1098491 0.1019989 0.1016260 0.0567198 0.0565338 0.0545817 0.1269621 0.1218276 0.0867723 0.1022004 0.0649021 0.0975898 0.1157924 0.0087857 0.0085920 0.0430533 0.0189298 0.0891542 0.0999946 0.0108232 0.0782991 0.0016406 0.1040606 0.0999946 0.1001766 0.1064579 0.1023103 0.0845291 0.0902501 0.0902501 0.0775701 0.0926819 0.1234540 0.0159137 0.0860162 0.0782991 0.0995811 0.0870876 0.1229249 0.0867723 0.0157536 0.0957345 0.1979175 0.0889190 0.1384129 0.0917846 0.0830925 0.0821786 0.1002077 0.0952088 0.0952088 0.0942862 0.0759925 0.0877439 0.1179839 0.1263585 0.1332059 0.0779773 0.1983744 0.0158755 0.0089845 0.0102823 0.0105509 0.0294723 0.0304680 0.0244831 0.0245820 0.0258853 0.0106351 0.1055701 0.1214951 0.1229249 0.0851495 0.0830844 0.0853493 0.0847412 0.0447001 0.0849822 0.1053472 0.0823331 0.0826497 0.0890850 0.0848212 0.0875393 0.1033152 0.0870876 0.0848212 0.0831820 0.1215073 0.0867779 0.1055592 0.0334969 0.0300818 0.0240436 0.0259283 0.0217362 0.0464756 0.0920062 0.1191767 0.0919006 0.0855906 0.0822072 0.0840637 0.0779270 0.0601750 0.0664023 0.0105364 0.1593399 0.0926819 0.0501806 0.0869484 0.0893065 0.3874467 0.0616430 0.0447001 0.0466785 0.1234540 0.0547143 0.0916756 0.0464756 0.0833519 0.0843557 0.0137422 0.0901000 0.0539235 0.0843557 0.0881702 0.1073886 
Suillellus_002 0.0152119 0.0000000 0.0186984 0.0000010 0.0000025 0.0845416 0.0692440 0.2864249 0.3535550 0.0878319 0.0161199 0.0169595 0.0186984 0.0246550 0.0161199 0.0152487 0.0169820 0.0169758 0.0169595 0.0251296 0.0000025 0.0016409 0.0000010 0.0000010 0.0000010 0.0277755 0.0282234 0.0262069 0.0034839 0.0286825 0.0185785 0.0844110 0.0825257 0.1016521 0.0849908 0.0860457 0.0157967 0.1037510 0.0547114 0.0976149 0.1187097 0.1053006 0.1020248 0.1016521 0.0508865 0.0507209 0.0487945 0.1269964 0.1278367 0.0867939 0.0996275 0.0547114 0.0976149 0.1187097 0.0000010 0.0000010 0.0374184 0.0033333 0.0872424 0.1000203 0.0000010 0.0763391 0.0134910 0.1040874 0.1000203 0.1002025 0.1064854 0.1023368 0.0845501 0.0902730 0.0902730 0.0800543 0.0878185 0.1218794 0.0000010 0.0816380 0.0763391 0.0996067 0.0871094 0.1213546 0.0867939 0.0000010 0.0913306 0.2028723 0.0889412 0.1368730 0.0896459 0.0831138 0.0821989 0.1002336 0.0952332 0.0952332 0.0943101 0.0760122 0.0877665 0.1129291 0.1273379 0.1316311 0.0831358 0.2033457 0.0000010 0.0000022 0.0000010 0.0000010 0.0257510 0.0268461 0.0206851 0.0207686 0.0221546 0.0000010 0.1078415 0.1199368 0.1213546 0.0851709 0.0831052 0.0853707 0.0847623 0.0390732 0.0850035 0.1076133 0.0823535 0.0826703 0.0891073 0.0848424 0.0875618 0.1055754 0.0871094 0.0848424 0.0832029 0.1199219 0.0867996 0.1078303 0.0261294 0.0301934 0.0203139 0.0221912 0.0180868 0.0406155 0.0920305 0.1258619 0.0919239 0.0836629 0.0803509 0.0821217 0.0760250 0.0534075 0.0693929 0.0000010 0.1712451 0.0878185 0.0442975 0.0869701 0.0893289 0.3900115 0.0556567 0.0390732 0.0410161 0.1218794 0.0467246 0.0916987 0.0406155 0.0891886 0.0843766 0.0045090 0.0901233 0.0539235 0.0843766 0.0881926 0.1101433 
Suillellus_003 0.0276708 0.0186984 0.0000000 0.0186984 0.0187290 0.0824254 0.0692372 0.2628123 0.3657875 0.0856265 0.0017409 0.0016399 0.0000010 0.0085073 0.0017409 0.0016439 0.0016441 0.0000025 0.0016399 0.0086765 0.0187333 0.0204432 0.0208304 0.0094036 0.0188829 0.0313273 0.0318336 0.0297771 0.0235660 0.0323528 0.0151308 0.0897707 0.0774211 0.1018141 0.0849851 0.0838888 0.0000026 0.0983711 0.0544174 0.0944537 0.1246123 0.1027142 0.1021884 0.1018141 0.0467913 0.0466406 0.0447419 0.1328722 0.1339722 0.0846648 0.0997863 0.0544174 0.0944537 0.1246123 0.0226567 0.0244256 0.0390894 0.0225004 0.0821679 0.1046889 0.0203055 0.0715665 0.0258821 0.1087836 0.1046889 0.1022341 0.1112128 0.1070333 0.0824338 0.0853315 0.0853315 0.0751314 0.0949378 0.1091923 0.0195654 0.0769903 0.0715665 0.1042539 0.0871038 0.1087290 0.0846648 0.0193664 0.0888632 0.1954857 0.0868027 0.1236949 0.0891406 0.0834126 0.0800982 0.1022656 0.0998349 0.0998349 0.0944583 0.0735629 0.0855629 0.1217227 0.1139964 0.1184355 0.0694834 0.1959369 0.0195181 0.0255791 0.0211136 0.0197836 0.0295104 0.0305064 0.0000010 0.0000010 0.0017720 0.0199444 0.1072324 0.1120743 0.1087290 0.0830378 0.0830994 0.0853649 0.0826400 0.0426041 0.0828748 0.1070068 0.0802485 0.0805565 0.0869645 0.0848367 0.0875560 0.1049803 0.0871038 0.0848367 0.0831971 0.1072537 0.0846705 0.1072214 0.0296885 0.0077028 0.0053550 0.0017748 0.0017449 0.0442841 0.0941080 0.1223580 0.0897543 0.0786024 0.0755255 0.0770489 0.0711488 0.0602522 0.0608507 0.0197557 0.1657400 0.0949378 0.0440648 0.0848367 0.0893233 0.3666669 0.0635518 0.0426041 0.0445599 0.1091923 0.0524292 0.0895347 0.0442841 0.0858515 0.0822648 0.0283848 0.0879058 0.0637247 0.0822648 0.0860266 0.1077982 
Suillellus_004 0.0152119 0.0000010 0.0186984 0.0000000 0.0000025 0.0845416 0.0692440 0.2864249 0.3535550 0.0878319 0.0161199 0.0169595 0.0186984 0.0246550 0.0161199 0.0152487 0.0169820 0.0169758 0.0169595 0.0251296 0.0000025 0.0016409 0.0000010 0.0000010 0.0000010 0.0277755 0.0282234 0.0262069 0.0034839 0.0286825 0.0185785 0.0844110 0.0825257 0.1016521 0.0849908 0.0860457 0.0157967 0.1037510 0.0547114 0.0976149 0.1187097 0.1053006 0.1020248 0.1016521 0.0508865 0.0507209 0.0487945 0.1269964 0.1278367 0.0867939 0.0996275 0.0547114 0.0976149 0.1187097 0.0000010 0.0000010 0.0374184 0.0033333 0.0872424 0.1000203 0.0000010 0.0763391 0.0134910 0.1040874 0.1000203 0.1002025 0.1064854 0.1023368 0.0845501 0.0902730 0.0902730 0.0800543 0.0878185 0.1218794 0.0000010 0.0816380 0.0763391 0.0996067 0.0871094 0.1213546 0.0867939 0.0000010 0.0913306 0.2028723 0.0889412 0.1368730 0.0896459 0.0831138 0.0821989 0.1002336 0.0952332 0.0952332 0.0943101 0.0760122 0.0877665 0.1129291 0.1273379 0.1316311 0.0831358 0.2033457 0.0000010 0.0000022 0.0000010 0.0000010 0.0257510 0.0268461 0.0206851 0.0207686 0.0221546 0.0000010 0.1078415 0.1199368 0.1213546 0.0851709 0.0831052 0.0853707 0.0847623 0.0390732 0.0850035 0.1076133 0.0823535 0.0826703 0.0891073 0.0848424 0.0875618 0.1055754 0.0871094 0.0848424 0.0832029 0.1199219 0.0867996 0.1078303 0.0261294 0.0301934 0.0203139 0.0221912 0.0180868 0.0406155 0.0920305 0.1258619 0.0919239 0.0836629 0.0803509 0.0821217 0.0760250 0.0534075 0.0693929 0.0000010 0.1712451 0.0878185 0.0442975 0.0869701 0.0893289 0.3900115 0.0556567 0.0390732 0.0410161 0.1218794 0.0467246 0.0916987 0.0406155 0.0891886 0.0843766 0.0045090 0.0901233 0.0539235 0.0843766 0.0881926 0.1101433 
Suillellus_005 0.0152371 0.0000025 0.0187290 0.0000025 0.0000000 0.0847015 0.0692440 0.2864249 0.3488137 0.0880047 0.0161471 0.0169872 0.0187290 0.0246968 0.0161471 0.0152735 0.0170097 0.0170035 0.0169872 0.0251732 0.0000025 0.0016434 0.0000028 0.0000028 0.0000025 0.0278221 0.0282715 0.0262505 0.0034906 0.0287329 0.0186087 0.0846239 0.0826928 0.1018523 0.0851524 0.0862114 0.0158227 0.1039639 0.0548116 0.0978069 0.1189638 0.1055114 0.1022268 0.1018523 0.0509766 0.0508095 0.0488796 0.1272629 0.1281163 0.0869588 0.0998236 0.0548116 0.0978069 0.1189638 0.0000010 0.0000010 0.0374832 0.0033386 0.0874169 0.1002180 0.0000027 0.0764934 0.0135130 0.1042934 0.1002180 0.1004008 0.1066970 0.1025397 0.0847101 0.0904477 0.0904477 0.0802120 0.0880083 0.1221332 0.0000026 0.0817979 0.0764934 0.0998027 0.0872755 0.1216063 0.0869588 0.0000026 0.0915094 0.2033848 0.0891107 0.1371636 0.0898182 0.0832757 0.0823535 0.1004321 0.0954196 0.0954196 0.0944929 0.0761610 0.0879390 0.1133509 0.1276150 0.1319128 0.0831358 0.2038606 0.0000026 0.0000022 0.0000030 0.0000027 0.0257968 0.0268928 0.0207226 0.0208055 0.0221937 0.0000027 0.1080546 0.1201826 0.1216063 0.0853328 0.0832630 0.0855337 0.0849231 0.0391402 0.0851651 0.1078256 0.0825087 0.0828267 0.0892774 0.0850035 0.0877335 0.1057835 0.0872755 0.0850035 0.0833616 0.1201727 0.0869645 0.1080435 0.0261734 0.0302517 0.0203499 0.0222307 0.0181180 0.0406882 0.0922161 0.1258619 0.0921012 0.0838310 0.0805058 0.0822881 0.0761742 0.0535715 0.0693929 0.0000026 0.1716290 0.0880083 0.0443769 0.0871357 0.0894999 0.3911160 0.0557576 0.0391402 0.0410867 0.1221332 0.0468100 0.0918751 0.0406882 0.0891886 0.0845359 0.0045090 0.0903012 0.0540814 0.0845359 0.0883629 0.1076197 
Suillellus_007 0.0845206 0.0845416 0.0824254 0.0845416 0.0847015 0.0000000 0.0057400 0.2465656 0.3211057 0.0034247 0.0806185 0.0803162 0.0824254 0.0869421 0.0806185 0.0826590 0.0847843 0.0825809 0.0803162 0.0886187 0.0823006 0.0866613 0.0732581 0.0722420 0.0854922 0.0782458 0.0796293 0.0792695 0.0874425 0.0810539 0.0840360 0.0134979 0.0532859 0.0278499 0.0033331 0.0000010 0.0837530 0.0687171 0.1098160 0.0320753 0.0655745 0.0553590 0.0279395 0.0278499 0.1060779 0.1057012 0.1034547 0.0609209 0.0613709 0.0016527 0.0279866 0.1098160 0.0320753 0.0655745 0.0634011 0.0618605 0.0901934 0.0901688 0.0540902 0.0280118 0.0756631 0.0306081 0.0824024 0.0315386 0.0280118 0.0262408 0.0334056 0.0316746 0.0000025 0.0354928 0.0354928 0.0350460 0.0399903 0.0822979 0.0864276 0.0309516 0.0306081 0.0279076 0.0033231 0.0819624 0.0016527 0.0854340 0.0456110 0.1571138 0.0033140 0.0931342 0.0549321 0.0017159 0.0016489 0.0262503 0.0242929 0.0242929 0.0223346 0.0017520 0.0017100 0.0661657 0.0831944 0.0904267 0.0000010 0.1574528 0.0814521 0.0649868 0.0825352 0.0757135 0.0746137 0.0745835 0.0746749 0.0750009 0.0800470 0.0808790 0.0898298 0.0860434 0.0819624 0.0016615 0.0000021 0.0016653 0.0016553 0.0939956 0.0016589 0.0896428 0.0000025 0.0000025 0.0033195 0.0016558 0.0017016 0.0876560 0.0033231 0.0016558 0.0016646 0.0828558 0.0016530 0.0898206 0.0790050 0.0772575 0.0779602 0.0733264 0.0764486 0.0954382 0.0273426 0.1267121 0.0050203 0.0525784 0.0527615 0.0509231 0.0458664 0.0402676 0.0429939 0.0825505 0.1173551 0.0399903 0.0975434 0.0016558 0.0050002 0.3277744 0.0953913 0.0939956 0.0963724 0.0822979 0.1079249 0.0050087 0.0954382 0.0870866 0.0000010 0.0683962 0.0017074 0.0000010 0.0000010 0.0016761 0.0195589 
Suillellus_008 0.0643056 0.0692440 0.0692372 0.0692440 0.0692440 0.0057400 0.0000000 0.1938779 0.2496852 0.0100269 0.0723437 0.0668900 0.0692372 0.0770463 0.0723437 0.0694598 0.0718274 0.0693842 0.0668900 0.0819733 0.0667854 0.0715953 0.0692440 0.0550259 0.0692440 0.0695806 0.0709868 0.0695806 0.0743691 0.0724429 0.0664468 0.0211951 0.0506818 0.0322019 0.0057400 0.0058540 0.0699744 0.0504185 0.0996149 0.0370954 0.0739962 0.0502892 0.0323217 0.0322019 0.0899960 0.0896353 0.0871517 0.0687779 0.0677420 0.0076978 0.0301095 0.0996149 0.0370954 0.0739962 0.0609355 0.0594549 0.0801933 0.0701868 0.0624898 0.0323067 0.0693976 0.0404862 0.0643056 0.0363783 0.0323067 0.0302624 0.0385514 0.0364021 0.0057400 0.0389018 0.0389018 0.0389018 0.0320733 0.0604974 0.0696666 0.0404862 0.0404862 0.0321694 0.0057400 0.0602225 0.0076978 0.0696666 0.0454752 0.1342221 0.0076730 0.0674031 0.0568947 0.0059934 0.0076776 0.0302748 0.0238531 0.0238531 0.0257735 0.0081585 0.0080089 0.0620177 0.0581802 0.0688869 0.0000027 0.1345402 0.0696666 0.0624589 0.0704601 0.0692440 0.0695806 0.0697289 0.0696596 0.0696596 0.0696596 0.0696666 0.0893522 0.0606144 0.0602225 0.0057744 0.0057765 0.0057766 0.0057489 0.0822740 0.0057627 0.0891398 0.0057489 0.0057719 0.0057509 0.0057400 0.0059230 0.0868674 0.0057400 0.0057400 0.0057521 0.0608887 0.0057400 0.0893421 0.0698779 0.0789932 0.0674583 0.0692372 0.0672213 0.0834292 0.0317374 0.1270550 0.0097018 0.0502984 0.0505861 0.0504185 0.0505861 0.0477648 0.0431005 0.0715742 0.0837360 0.0320733 0.0883879 0.0057515 0.0076787 0.2904989 0.0778882 0.0822740 0.0849190 0.0604974 0.0917824 0.0116821 0.0834292 0.0873073 0.0057400 0.0658337 0.0079948 0.0092764 0.0057400 0.0078238 0.0039092 
Suillellus_009 0.2840852 0.2864249 0.2628123 0.2864249 0.2864249 0.2465656 0.1938779 0.0000000 0.4803712 0.2668843 0.2491223 0.2662412 0.2628123 0.2668063 0.2491223 0.2671558 0.2671898 0.2635037 0.2662412 0.2390788 0.2835845 0.2900259 0.2420929 0.2266721 0.2753492 0.2819261 0.2888241 0.2716218 0.2799022 0.2960193 0.2792289 0.2215846 0.2241347 0.2308753 0.2504956 0.2558230 0.2626140 0.2485638 0.2850337 0.2332951 0.2356557 0.2730257 0.2299426 0.2308753 0.2673380 0.2662755 0.2628028 0.2798816 0.2649429 0.2536676 0.2322304 0.2850337 0.2332951 0.2356557 0.2028573 0.2003478 0.2663534 0.2922550 0.2243629 0.2680523 0.2455436 0.2104619 0.2840852 0.2747359 0.2680523 0.2687088 0.2784329 0.2726790 0.2499260 0.2678127 0.2678127 0.2289538 0.2103974 0.2803414 0.2831987 0.2543957 0.2104619 0.2712451 0.2492475 0.2836269 0.2536676 0.2948016 0.2579814 0.2208924 0.2416292 0.2903992 0.2730369 0.2423026 0.2527812 0.2641867 0.2465928 0.2465928 0.2390738 0.2312889 0.2591735 0.2590673 0.2963832 0.2979540 0.2181835 0.2214236 0.2922602 0.2094480 0.2481700 0.2364634 0.2397594 0.2547668 0.2212967 0.2225352 0.2293179 0.2670747 0.2786584 0.2517402 0.2836269 0.2389896 0.2437460 0.2474723 0.2454984 0.2713844 0.2426691 0.2779077 0.2498632 0.2511489 0.2445170 0.2455296 0.2560081 0.2821514 0.2492475 0.2455296 0.2430545 0.2717163 0.2449148 0.2786228 0.2785163 0.2359226 0.2325866 0.2247737 0.2464886 0.2796865 0.2628615 0.2571657 0.2545525 0.2383770 0.2327770 0.2303804 0.2072324 0.1492279 0.1790504 0.2707271 0.2462892 0.2103974 0.2772324 0.2455300 0.2528126 0.6163614 0.2595320 0.2713844 0.2756270 0.2803414 0.2884497 0.2625808 0.2796865 0.1857048 0.2492651 0.2135708 0.2631353 0.1871713 0.2492651 0.2590471 0.2659359 
Suillellus_010 0.3506755 0.3535550 0.3657875 0.3535550 0.3488137 0.3211057 0.2496852 0.4803712 0.0000000 0.3028809 0.3124688 0.3613146 0.3657875 0.3243900 0.3124688 0.3578328 0.3622852 0.3621932 0.3613146 0.2952251 0.3546415 0.3579114 0.2788241 0.2779097 0.3369363 0.3359311 0.3450922 0.3206573 0.3149865 0.3292018 0.3567863 0.2436417 0.2788066 0.3184393 0.3247404 0.3297408 0.3413315 0.3252406 0.3708592 0.3439778 0.3430674 0.3550167 0.3197830 0.3184393 0.3659795 0.3645453 0.3600555 0.4073425 0.3580257 0.3188540 0.3139627 0.3708592 0.3439778 0.3430674 0.2449006 0.2362786 0.3628745 0.3660195 0.2814460 0.3275328 0.2841534 0.2428398 0.3463301 0.3367320 0.3275328 0.3330371 0.3366559 0.3258722 0.3170484 0.3331789 0.3331789 0.2768662 0.2830501 0.3554293 0.3206661 0.2993166 0.2428398 0.3367320 0.3228949 0.3620949 0.3188540 0.3375304 0.3325751 0.4153347 0.3215426 0.3500348 0.3377918 0.3108045 0.3158850 0.3275328 0.3251062 0.3251062 0.3077782 0.2844094 0.3080876 0.3182104 0.3393783 0.3777424 0.2999937 0.4166120 0.3304294 0.2149377 0.2665596 0.2805474 0.2734651 0.2917186 0.2779113 0.2796374 0.2972383 0.2979175 0.3687909 0.3544119 0.3620949 0.3202378 0.3126314 0.3171268 0.3224216 0.3699719 0.3193280 0.3676488 0.3168136 0.3174713 0.3265610 0.3183877 0.3136153 0.3721211 0.3228949 0.3183877 0.3105414 0.3585840 0.3215426 0.3687362 0.3296752 0.2907996 0.2899682 0.2993154 0.3053695 0.3552009 0.3262332 0.3452501 0.3340847 0.3045577 0.3210958 0.2871110 0.2791786 0.1827202 0.2576461 0.3142554 0.3458503 0.2830501 0.3686679 0.3224580 0.3272682 0.6861822 0.3682586 0.3699719 0.3756841 0.3554293 0.3727038 0.3254318 0.3552009 0.2697986 0.3201959 0.2149396 0.3072309 0.1761989 0.3201959 0.3264441 0.3436179 
Suillellus_011 0.0878092 0.0878319 0.0856265 0.0878319 0.0880047 0.0034247 0.0100269 0.2668843 0.3028809 0.0000000 0.0806729 0.0834281 0.0856265 0.0806938 0.0806729 0.0858782 0.0880939 0.0857944 0.0834281 0.0822836 0.0854915 0.0900415 0.0763791 0.0722921 0.0888585 0.0812715 0.0812715 0.0823767 0.0878667 0.0812715 0.0872867 0.0181483 0.0551071 0.0326318 0.0069331 0.0034185 0.0838103 0.0683822 0.1098963 0.0371559 0.0728487 0.0549040 0.0327411 0.0326318 0.1103754 0.1099684 0.1076217 0.0661870 0.0657996 0.0017002 0.0327983 0.1098963 0.0371559 0.0728487 0.0623801 0.0619125 0.0937766 0.0925831 0.0449827 0.0328295 0.0786374 0.0304624 0.0856014 0.0365071 0.0328295 0.0309813 0.0384699 0.0366710 0.0034250 0.0365794 0.0365794 0.0361640 0.0443085 0.0833273 0.0864866 0.0308112 0.0304624 0.0327026 0.0069110 0.0829752 0.0017002 0.0854914 0.0514018 0.1707512 0.0068898 0.0893664 0.0611497 0.0051801 0.0017042 0.0309928 0.0289129 0.0289129 0.0268266 0.0017444 0.0017027 0.0701351 0.0832513 0.0833273 0.0038653 0.1711405 0.0815063 0.0622286 0.0832154 0.0787771 0.0776714 0.0774002 0.0747258 0.0750523 0.0801020 0.0809338 0.0958038 0.0872092 0.0829752 0.0051830 0.0034505 0.0051944 0.0051631 0.0977236 0.0051738 0.0955961 0.0017069 0.0017088 0.0069019 0.0051646 0.0051646 0.0935209 0.0069110 0.0051646 0.0051917 0.0839132 0.0051554 0.0955961 0.0817694 0.0687704 0.0806956 0.0763631 0.0764995 0.0955051 0.0311956 0.1329463 0.0051554 0.0523236 0.0544796 0.0506748 0.0473836 0.0366961 0.0466907 0.0832992 0.1245310 0.0443085 0.0978136 0.0051554 0.0086647 0.3360719 0.0896822 0.0977236 0.1000096 0.0833273 0.1080037 0.0017002 0.0955051 0.0915303 0.0034185 0.0655878 0.0017002 0.0027287 0.0034185 0.0017238 0.0199446 
Suillellus_012 0.0197310 0.0161199 0.0017409 0.0161199 0.0161471 0.0806185 0.0723437 0.2491223 0.3124688 0.0806729 0.0000000 0.0034900 0.0017409 0.0034900 0.0000010 0.0000027 0.0000027 0.0000027 0.0034900 0.0000010 0.0161512 0.0179528 0.0175945 0.0076089 0.0161199 0.0293776 0.0293776 0.0293776 0.0199177 0.0293776 0.0124318 0.0897707 0.0833471 0.0961285 0.0856813 0.0804532 0.0000027 0.0812319 0.0495701 0.0933977 0.1302174 0.0820484 0.0964994 0.0961285 0.0413741 0.0412351 0.0392637 0.1305074 0.1310624 0.0829670 0.0937971 0.0495701 0.0933977 0.1302174 0.0184742 0.0206992 0.0375337 0.0198541 0.0738477 0.0990908 0.0171032 0.0740195 0.0178939 0.1033790 0.0990908 0.0965423 0.1059057 0.1015309 0.0806264 0.0882397 0.0882397 0.0807639 0.0794521 0.1062983 0.0161199 0.0762404 0.0740195 0.0986587 0.0855233 0.1058229 0.0829670 0.0161199 0.0843761 0.1834266 0.0852122 0.1215413 0.0875887 0.0806185 0.0781810 0.0965742 0.0940532 0.0940532 0.0885108 0.0699252 0.0829670 0.1152229 0.1062983 0.1062983 0.0756126 0.1838697 0.0162156 0.0207987 0.0174629 0.0166830 0.0287085 0.0297103 0.0018127 0.0018198 0.0035615 0.0162075 0.1019317 0.1093658 0.1058229 0.0812481 0.0813125 0.0836895 0.0808383 0.0412476 0.0810808 0.1017066 0.0783345 0.0786512 0.0853794 0.0831434 0.0831434 0.0995850 0.0855233 0.0831434 0.0814132 0.1068857 0.0829730 0.1017066 0.0293776 0.0019423 0.0074065 0.0037015 0.0035081 0.0413319 0.0866667 0.1256917 0.0829730 0.0810561 0.0810561 0.0795096 0.0765961 0.0602522 0.0654866 0.0162075 0.1603047 0.0794521 0.0412829 0.0829730 0.0878543 0.3618568 0.0478690 0.0412476 0.0432291 0.1062983 0.0496837 0.0829670 0.0413319 0.0847800 0.0804532 0.0234482 0.0829670 0.0637247 0.0804532 0.0843725 0.0976218 
Suillellus_013 0.0258821 0.0169595 0.0016399 0.0169595 0.0169872 0.0803162 0.0668900 0.2662412 0.3613146 0.0834281 0.0034900 0.0000000 0.0016399 0.0067900 0.0034900 0.0016439 0.0032964 0.0016424 0.0000010 0.0104354 0.0169911 0.0186966 0.0188882 0.0075036 0.0171266 0.0295183 0.0299944 0.0279602 0.0217002 0.0304827 0.0168488 0.0869270 0.0751890 0.1040529 0.0828541 0.0817390 0.0017060 0.0960788 0.0564250 0.0922622 0.1221041 0.1004536 0.1044360 0.1040529 0.0487006 0.0485433 0.0466361 0.1303978 0.1313903 0.0825424 0.1020200 0.0564250 0.0922622 0.1221041 0.0203295 0.0221395 0.0372251 0.0207214 0.0799618 0.1024241 0.0184135 0.0693411 0.0241009 0.1065081 0.1024241 0.0999842 0.1089237 0.1047565 0.0803242 0.0831907 0.0831907 0.0729712 0.0924806 0.1115185 0.0177437 0.0748302 0.0693411 0.1019993 0.0849637 0.1110446 0.0825424 0.0175649 0.0866765 0.1985453 0.0846705 0.1260934 0.0869926 0.0812254 0.0780046 0.1000152 0.0975995 0.0975995 0.0966502 0.0713960 0.0833664 0.1217227 0.1164351 0.1208429 0.0650593 0.1990050 0.0177014 0.0231820 0.0189480 0.0179413 0.0275978 0.0286432 0.0018078 0.0018149 0.0035524 0.0180868 0.1094731 0.1097656 0.1110446 0.0809115 0.0809718 0.0832241 0.0805246 0.0407339 0.0807530 0.1092424 0.0781505 0.0784498 0.0848281 0.0827098 0.0853549 0.1072104 0.0849637 0.0827098 0.0810666 0.1095787 0.0825481 0.1094618 0.0278779 0.0096529 0.0035613 0.0035580 0.0000010 0.0423366 0.0918306 0.1254012 0.0875908 0.0763925 0.0734086 0.0748292 0.0689978 0.0602522 0.0582359 0.0179160 0.1630766 0.0924806 0.0421272 0.0827098 0.0871716 0.3706999 0.0615354 0.0407339 0.0426777 0.1115185 0.0504339 0.0873768 0.0423366 0.0885620 0.0801599 0.0259383 0.0856951 0.0604519 0.0801599 0.0838676 0.1054573 
Suillellus_014 0.0276708 0.0186984 0.0000010 0.0186984 0.0187290 0.0824254 0.0692372 0.2628123 0.3657875 0.0856265 0.0017409 0.0016399 0.0000000 0.0085073 0.0017409 0.0016439 0.0016441 0.0000025 0.0016399 0.0086765 0.0187333 0.0204432 0.0208304 0.0094036 0.0188829 0.0313273 0.0318336 0.0297771 0.0235660 0.0323528 0.0151308 0.0897707 0.0774211 0.1018141 0.0849851 0.0838888 0.0000026 0.0983711 0.0544174 0.0944537 0.1246123 0.1027142 0.1021884 0.1018141 0.0467913 0.0466406 0.0447419 0.1328722 0.1339722 0.0846648 0.0997863 0.0544174 0.0944537 0.1246123 0.0226567 0.0244256 0.0390894 0.0225004 0.0821679 0.1046889 0.0203055 0.0715665 0.0258821 0.1087836 0.1046889 0.1022341 0.1112128 0.1070333 0.0824338 0.0853315 0.0853315 0.0751314 0.0949378 0.1091923 0.0195654 0.0769903 0.0715665 0.1042539 0.0871038 0.1087290 0.0846648 0.0193664 0.0888632 0.1954857 0.0868027 0.1236949 0.0891406 0.0834126 0.0800982 0.1022656 0.0998349 0.0998349 0.0944583 0.0735629 0.0855629 0.1217227 0.1139964 0.1184355 0.0694834 0.1959369 0.0195181 0.0255791 0.0211136 0.0197836 0.0295104 0.0305064 0.0000010 0.0000010 0.0017720 0.0199444 0.1072324 0.1120743 0.1087290 0.0830378 0.0830994 0.0853649 0.0826400 0.0426041 0.0828748 0.1070068 0.0802485 0.0805565 0.0869645 0.0848367 0.0875560 0.1049803 0.0871038 0.0848367 0.0831971 0.1072537 0.0846705 0.1072214 0.0296885 0.0077028 0.0053550 0.0017748 0.0017449 0.0442841 0.0941080 0.1223580 0.0897543 0.0786024 0.0755255 0.0770489 0.0711488 0.0602522 0.0608507 0.0197557 0.1657400 0.0949378 0.0440648 0.0848367 0.0893233 0.3666669 0.0635518 0.0426041 0.0445599 0.1091923 0.0524292 0.0895347 0.0442841 0.0858515 0.0822648 0.0283848 0.0879058 0.0637247 0.0822648 0.0860266 0.1077982 
Suillellus_015 0.0301492 0.0246550 0.0085073 0.0246550 0.0246968 0.0869421 0.0770463 0.2668063 0.3243900 0.0806938 0.0034900 0.0067900 0.0085073 0.0000000 0.0034900 0.0085290 0.0102588 0.0085212 0.0067900 0.0034335 0.0247027 0.0264766 0.0269272 0.0075975 0.0246550 0.0378957 0.0385313 0.0359565 0.0217002 0.0311729 0.0244879 0.0869270 0.0849030 0.1118100 0.0896165 0.0863145 0.0017425 0.0788964 0.0557058 0.0994720 0.1334067 0.0983224 0.1122345 0.1118100 0.0538313 0.0536522 0.0516778 0.1340028 0.1313903 0.0892688 0.1069599 0.0557058 0.0994720 0.1334067 0.0300036 0.0316552 0.0460932 0.0287092 0.0709855 0.1101554 0.0262380 0.0693411 0.0283086 0.1143862 0.1101554 0.1075989 0.1169146 0.1125926 0.0869511 0.0919485 0.0919485 0.0823508 0.0820839 0.1169119 0.0179531 0.0739502 0.0693411 0.1096838 0.0918108 0.1164014 0.0892688 0.0179531 0.0928000 0.1982262 0.0914839 0.1320177 0.0958691 0.0784634 0.0845205 0.1076324 0.1051000 0.1051000 0.1040442 0.0678055 0.0806332 0.1199775 0.1085923 0.1266616 0.0844645 0.1986972 0.0180599 0.0231820 0.0257085 0.0255542 0.0355760 0.0364194 0.0018078 0.0018149 0.0035524 0.0180868 0.1170539 0.1150229 0.1164014 0.0876074 0.0876738 0.0900285 0.0871758 0.0497326 0.0874308 0.1168000 0.0846841 0.0850191 0.0916595 0.0894549 0.0848751 0.1147004 0.0918108 0.0894549 0.0877812 0.1175450 0.0892745 0.1147125 0.0360822 0.0019030 0.0090046 0.0108596 0.0000010 0.0433217 0.0891616 0.1360375 0.0945839 0.0763925 0.0826006 0.0748292 0.0783081 0.0602522 0.0694931 0.0197927 0.1690490 0.0820839 0.0431024 0.0872602 0.0941147 0.3690774 0.0605246 0.0497326 0.0517919 0.1169119 0.0516277 0.0917995 0.0433217 0.1006383 0.0867677 0.0259383 0.0829887 0.0604519 0.0867677 0.0907489 0.1079489 
Suillellus_016 0.0197310 0.0161199 0.0017409 0.0161199 0.0161471 0.0806185 0.0723437 0.2491223 0.3124688 0.0806729 0.0000010 0.0034900 0.0017409 0.0034900 0.0000000 0.0000027 0.0000027 0.0000027 0.0034900 0.0000010 0.0161512 0.0179528 0.0175945 0.0076089 0.0161199 0.0293776 0.0293776 0.0293776 0.0199177 0.0293776 0.0124318 0.0897707 0.0833471 0.0961285 0.0856813 0.0804532 0.0000027 0.0812319 0.0495701 0.0933977 0.1302174 0.0820484 0.0964994 0.0961285 0.0413741 0.0412351 0.0392637 0.1305074 0.1310624 0.0829670 0.0937971 0.0495701 0.0933977 0.1302174 0.0184742 0.0206992 0.0375337 0.0198541 0.0738477 0.0990908 0.0171032 0.0740195 0.0178939 0.1033790 0.0990908 0.0965423 0.1059057 0.1015309 0.0806264 0.0882397 0.0882397 0.0807639 0.0794521 0.1062983 0.0161199 0.0762404 0.0740195 0.0986587 0.0855233 0.1058229 0.0829670 0.0161199 0.0843761 0.1834266 0.0852122 0.1215413 0.0875887 0.0806185 0.0781810 0.0965742 0.0940532 0.0940532 0.0885108 0.0699252 0.0829670 0.1152229 0.1062983 0.1062983 0.0756126 0.1838697 0.0162156 0.0207987 0.0174629 0.0166830 0.0287085 0.0297103 0.0018127 0.0018198 0.0035615 0.0162075 0.1019317 0.1093658 0.1058229 0.0812481 0.0813125 0.0836895 0.0808383 0.0412476 0.0810808 0.1017066 0.0783345 0.0786512 0.0853794 0.0831434 0.0831434 0.0995850 0.0855233 0.0831434 0.0814132 0.1068857 0.0829730 0.1017066 0.0293776 0.0019423 0.0074065 0.0037015 0.0035081 0.0413319 0.0866667 0.1256917 0.0829730 0.0810561 0.0810561 0.0795096 0.0765961 0.0602522 0.0654866 0.0162075 0.1603047 0.0794521 0.0412829 0.0829730 0.0878543 0.3618568 0.0478690 0.0412476 0.0432291 0.1062983 0.0496837 0.0829670 0.0413319 0.0847800 0.0804532 0.0234482 0.0829670 0.0637247 0.0804532 0.0843725 0.0976218 
Suillellus_017 0.0241331 0.0152487 0.0016439 0.0152487 0.0152735 0.0826590 0.0694598 0.2671558 0.3578328 0.0858782 0.0000027 0.0016439 0.0016439 0.0085290 0.0000027 0.0000000 0.0000025 0.0000025 0.0016439 0.0069335 0.0152771 0.0169804 0.0169800 0.0056221 0.0153987 0.0277551 0.0282023 0.0261873 0.0198711 0.0286611 0.0134354 0.0871652 0.0776547 0.0997119 0.0852275 0.0841306 0.0000022 0.0986672 0.0524824 0.0947270 0.1250070 0.0983497 0.1000783 0.0997119 0.0449426 0.0447982 0.0429056 0.1332820 0.1344027 0.0849054 0.0976866 0.0524824 0.0947270 0.1250070 0.0180480 0.0199010 0.0354175 0.0189759 0.0824115 0.1003190 0.0165546 0.0717839 0.0223575 0.1043983 0.1003190 0.0978896 0.1068045 0.1026432 0.0826673 0.0855759 0.0855759 0.0753509 0.0901830 0.1118542 0.0159533 0.0772154 0.0717839 0.0999030 0.0873525 0.1113777 0.0849054 0.0157924 0.0846237 0.1992304 0.0870498 0.1264765 0.0849765 0.0836573 0.0803242 0.0979202 0.0955154 0.0955154 0.0923920 0.0737793 0.0858143 0.1217227 0.1168000 0.1212144 0.0699055 0.1996931 0.0159151 0.0208370 0.0168222 0.0161298 0.0257310 0.0268260 0.0018127 0.0018198 0.0035618 0.0162606 0.1051348 0.1124072 0.1113777 0.0832744 0.0833365 0.0856094 0.0828748 0.0389244 0.0831108 0.1049137 0.0804753 0.0807850 0.0872124 0.0850782 0.0878130 0.1028900 0.0873525 0.0850782 0.0834352 0.1099095 0.0849112 0.1051240 0.0261091 0.0096810 0.0053691 0.0035675 0.0017495 0.0404548 0.0896999 0.1226858 0.0900124 0.0788363 0.0757424 0.0772806 0.0713575 0.0602522 0.0610718 0.0161074 0.1662619 0.0901830 0.0402547 0.0850782 0.0895790 0.3719503 0.0596117 0.0389244 0.0408590 0.1118542 0.0485169 0.0897916 0.0404548 0.0832868 0.0824975 0.0235496 0.0881649 0.0606500 0.0824975 0.0862750 0.1081250 
Suillellus_021 0.0259168 0.0169820 0.0016441 0.0169820 0.0170097 0.0847843 0.0718274 0.2671898 0.3622852 0.0880939 0.0000027 0.0032964 0.0016441 0.0102588 0.0000027 0.0000025 0.0000000 0.0000025 0.0032964 0.0069342 0.0170137 0.0187214 0.0189156 0.0075151 0.0171495 0.0295581 0.0300355 0.0279986 0.0217307 0.0305255 0.0134366 0.0897707 0.0799051 0.0997222 0.0873747 0.0862971 0.0000022 0.1009779 0.0524876 0.0969355 0.1275365 0.1006035 0.1000887 0.0997222 0.0449470 0.0448025 0.0429098 0.1357768 0.1370068 0.0870441 0.0976967 0.0524876 0.0969355 0.1275365 0.0203656 0.0221778 0.0372758 0.0207493 0.0846353 0.1025769 0.0184394 0.0740276 0.0241331 0.1066670 0.1025769 0.1001327 0.1090868 0.1049131 0.0847929 0.0877332 0.0877332 0.0775282 0.0926319 0.1118662 0.0177687 0.0793925 0.0740276 0.1021508 0.0895090 0.1113895 0.0870441 0.0175890 0.0868037 0.1992550 0.0891982 0.1264900 0.0871179 0.0858617 0.0824338 0.1001638 0.0977440 0.0977440 0.0924015 0.0759634 0.0880282 0.1217227 0.1168129 0.1212276 0.0744030 0.1997178 0.0177259 0.0232239 0.0189792 0.0179661 0.0276371 0.0286831 0.0018129 0.0018200 0.0035622 0.0181121 0.1051456 0.1147341 0.1113895 0.0854168 0.0854803 0.0877667 0.0850063 0.0407887 0.0852488 0.1049244 0.0825892 0.0829078 0.0893652 0.0872213 0.0900314 0.1029005 0.0895090 0.0872213 0.0855821 0.1099213 0.0870498 0.1051348 0.0279156 0.0096820 0.0071772 0.0035678 0.0035088 0.0423960 0.0919701 0.1227025 0.0921925 0.0810640 0.0778757 0.0795184 0.0735256 0.0602522 0.0637123 0.0179410 0.1689480 0.0926319 0.0421861 0.0872213 0.0917472 0.3720003 0.0616219 0.0407887 0.0408590 0.1118662 0.0505058 0.0919660 0.0423960 0.0832975 0.0846184 0.0259856 0.0903930 0.0637247 0.0846184 0.0884509 0.1104848 
Suillellus_022 0.0259075 0.0169758 0.0000025 0.0169758 0.0170035 0.0825809 0.0693842 0.2635037 0.3621932 0.0857944 0.0000027 0.0016424 0.0000025 0.0085212 0.0000027 0.0000025 0.0000025 0.0000000 0.0016424 0.0069315 0.0170075 0.0187147 0.0189079 0.0075120 0.0171432 0.0295476 0.0300246 0.0279885 0.0217224 0.0305143 0.0134317 0.0897707 0.0775760 0.0996914 0.0851467 0.0840499 0.0000026 0.0985703 0.0524693 0.0946371 0.1248828 0.1005722 0.1000577 0.0996914 0.0449314 0.0447871 0.0428949 0.1331548 0.1342693 0.0848252 0.0976663 0.0524693 0.0946371 0.1248828 0.0203558 0.0221675 0.0372627 0.0207417 0.0823300 0.1025452 0.0184321 0.0717102 0.0241244 0.1066346 0.1025452 0.1001016 0.1090538 0.1048810 0.0825892 0.0854945 0.0854945 0.0752767 0.0925994 0.1094148 0.0177619 0.0771397 0.0717102 0.1021194 0.0872699 0.1089497 0.0848252 0.0175824 0.0867757 0.1959742 0.0869676 0.1239520 0.0870904 0.0835756 0.0802485 0.1001327 0.0977135 0.0977135 0.0923725 0.0737061 0.0857306 0.1217227 0.1142391 0.1186836 0.0697617 0.1964277 0.0177191 0.0232126 0.0189707 0.0179592 0.0276266 0.0286725 0.0000028 0.0000028 0.0017749 0.0181051 0.1051139 0.1123003 0.1089497 0.0831952 0.0832572 0.0855280 0.0827963 0.0407746 0.0830320 0.1048928 0.0803993 0.0807085 0.0871300 0.0849977 0.0877277 0.1028693 0.0872699 0.0849977 0.0833558 0.1074726 0.0848310 0.1051031 0.0279056 0.0077170 0.0053640 0.0017778 0.0017485 0.0423808 0.0919400 0.1190761 0.0899269 0.0787576 0.0756693 0.0772027 0.0712867 0.0602522 0.0609961 0.0179341 0.1661092 0.0925994 0.0421710 0.0849977 0.0894943 0.3676878 0.0616011 0.0407746 0.0427205 0.1094148 0.0504880 0.0897065 0.0423808 0.0832637 0.0824197 0.0259729 0.0880789 0.0637247 0.0824197 0.0861924 0.1080194 
Suillellus_023 0.0258821 0.0169595 0.0016399 0.0169595 0.0169872 0.0803162 0.0668900 0.2662412 0.3613146 0.0834281 0.0034900 0.0000010 0.0016399 0.0067900 0.0034900 0.0016439 0.0032964 0.0016424 0.0000000 0.0104354 0.0169911 0.0186966 0.0188882 0.0075036 0.0171266 0.0295183 0.0299944 0.0279602 0.0217002 0.0304827 0.0168488 0.0869270 0.0751890 0.1040529 0.0828541 0.0817390 0.0017060 0.0960788 0.0564250 0.0922622 0.1221041 0.1004536 0.1044360 0.1040529 0.0487006 0.0485433 0.0466361 0.1303978 0.1313903 0.0825424 0.1020200 0.0564250 0.0922622 0.1221041 0.0203295 0.0221395 0.0372251 0.0207214 0.0799618 0.1024241 0.0184135 0.0693411 0.0241009 0.1065081 0.1024241 0.0999842 0.1089237 0.1047565 0.0803242 0.0831907 0.0831907 0.0729712 0.0924806 0.1115185 0.0177437 0.0748302 0.0693411 0.1019993 0.0849637 0.1110446 0.0825424 0.0175649 0.0866765 0.1985453 0.0846705 0.1260934 0.0869926 0.0812254 0.0780046 0.1000152 0.0975995 0.0975995 0.0966502 0.0713960 0.0833664 0.1217227 0.1164351 0.1208429 0.0650593 0.1990050 0.0177014 0.0231820 0.0189480 0.0179413 0.0275978 0.0286432 0.0018078 0.0018149 0.0035524 0.0180868 0.1094731 0.1097656 0.1110446 0.0809115 0.0809718 0.0832241 0.0805246 0.0407339 0.0807530 0.1092424 0.0781505 0.0784498 0.0848281 0.0827098 0.0853549 0.1072104 0.0849637 0.0827098 0.0810666 0.1095787 0.0825481 0.1094618 0.0278779 0.0096529 0.0035613 0.0035580 0.0000010 0.0423366 0.0918306 0.1254012 0.0875908 0.0763925 0.0734086 0.0748292 0.0689978 0.0602522 0.0582359 0.0179160 0.1630766 0.0924806 0.0421272 0.0827098 0.0871716 0.3706999 0.0615354 0.0407339 0.0426777 0.1115185 0.0504339 0.0873768 0.0423366 0.0885620 0.0801599 0.0259383 0.0856951 0.0604519 0.0801599 0.0838676 0.1054573 
Suillellus_024 0.0287601 0.0251296 0.0086765 0.0251296 0.0251732 0.0886187 0.0819733 0.2390788 0.2952251 0.0822836 0.0000010 0.0104354 0.0086765 0.0034335 0.0000010 0.0069335 0.0069342 0.0069315 0.0104354 0.0000000 0.0251792 0.0269870 0.0269106 0.0077551 0.0251296 0.0365894 0.0372116 0.0365894 0.0219619 0.0297500 0.0176571 0.0889668 0.0895853 0.1016605 0.0937724 0.0880059 0.0000027 0.0778405 0.0462775 0.0961113 0.1387088 0.0951110 0.1020492 0.1016605 0.0466901 0.0465342 0.0445639 0.1306692 0.1279860 0.0909973 0.0993325 0.0462775 0.0961113 0.1387088 0.0299813 0.0316322 0.0428662 0.0292719 0.0753666 0.1019361 0.0262223 0.0738643 0.0268979 0.1061694 0.1019361 0.0994090 0.1086728 0.1043526 0.0886281 0.0914128 0.0914128 0.0868757 0.0784303 0.1030072 0.0183050 0.0776306 0.0738643 0.1014978 0.0935991 0.1025598 0.0909973 0.0183050 0.0895830 0.1949223 0.0932595 0.1123293 0.0953207 0.0800048 0.0861419 0.0994411 0.0996021 0.0996021 0.0940177 0.0691266 0.0822206 0.1144122 0.0944679 0.1122958 0.0940508 0.1953836 0.0184160 0.0231649 0.0256909 0.0255393 0.0355544 0.0366543 0.0018093 0.0018165 0.0035552 0.0183050 0.1093291 0.1067285 0.1025598 0.0893103 0.0893789 0.0917857 0.0888617 0.0465484 0.0891260 0.1090901 0.0863119 0.0866597 0.0934419 0.0911903 0.0865493 0.1069830 0.0935991 0.0911903 0.0893256 0.1011139 0.0910030 0.1069944 0.0367195 0.0019046 0.0126781 0.0108683 0.0035446 0.0399935 0.0809212 0.1329047 0.0964420 0.0776688 0.0839515 0.0778405 0.0828117 0.0602522 0.0749996 0.0200303 0.1562320 0.0784303 0.0397886 0.0889491 0.0959538 0.3630847 0.0551533 0.0465484 0.0486171 0.1030072 0.0483429 0.0935878 0.0399935 0.0949553 0.0884376 0.0259187 0.0846292 0.0637247 0.0884376 0.0925353 0.1099464 
Suillellus_025 0.0135162 0.0000025 0.0187333 0.0000025 0.0000025 0.0823006 0.0667854 0.2835845 0.3546415 0.0854915 0.0161512 0.0169911 0.0187333 0.0247027 0.0161512 0.0152771 0.0170137 0.0170075 0.0169911 0.0251792 0.0000000 0.0016438 0.0000028 0.0000028 0.0000025 0.0278283 0.0282779 0.0262564 0.0034915 0.0287395 0.0168824 0.0814294 0.0801250 0.0992644 0.0827363 0.0837594 0.0158266 0.1012562 0.0548228 0.0952430 0.1160558 0.1028621 0.0996276 0.0992644 0.0509870 0.0508198 0.0488896 0.1243660 0.1250926 0.0845359 0.0972481 0.0548228 0.0952430 0.1160558 0.0000021 0.0000021 0.0374913 0.0033394 0.0848642 0.0976297 0.0000027 0.0739645 0.0117994 0.1016799 0.0976297 0.0978067 0.1040604 0.0999303 0.0823089 0.0879625 0.0879625 0.0777361 0.0852478 0.1192871 0.0000026 0.0793268 0.0739645 0.0972272 0.0848424 0.1187751 0.0845359 0.0000026 0.0889903 0.2034015 0.0866700 0.1341801 0.0873531 0.0808117 0.0799778 0.0978372 0.0928798 0.0928798 0.0919826 0.0737122 0.0854281 0.1129291 0.1246102 0.1289341 0.0783212 0.2038773 0.0000026 0.0000022 0.0000030 0.0000027 0.0258030 0.0268990 0.0207278 0.0208109 0.0221992 0.0000027 0.1058102 0.1173918 0.1187751 0.0829108 0.0808567 0.0831052 0.0825145 0.0391485 0.0827485 0.1055863 0.0801275 0.0804346 0.0868313 0.0825925 0.0852296 0.1035498 0.0848424 0.0825925 0.0809516 0.1173341 0.0845416 0.1057992 0.0261793 0.0302595 0.0203550 0.0222362 0.0181225 0.0406971 0.0896170 0.1231371 0.0896152 0.0812845 0.0780794 0.0797361 0.0737220 0.0534075 0.0665791 0.0000026 0.1716457 0.0852478 0.0443864 0.0847072 0.0870466 0.3854973 0.0557687 0.0391485 0.0410953 0.1192871 0.0468200 0.0893963 0.0406971 0.0866751 0.0821405 0.0045209 0.0877666 0.0539235 0.0821405 0.0858935 0.1076197 
Suillellus_026 0.0169399 0.0016409 0.0204432 0.0016409 0.0016434 0.0866613 0.0715953 0.2900259 0.3579114 0.0900415 0.0179528 0.0186966 0.0204432 0.0264766 0.0179528 0.0169804 0.0187214 0.0187147 0.0186966 0.0269870 0.0016438 0.0000000 0.0018207 0.0018535 0.0016570 0.0295771 0.0300542 0.0280167 0.0052392 0.0305451 0.0203115 0.0872368 0.0848002 0.1038870 0.0871227 0.0882063 0.0175919 0.1060837 0.0567306 0.0998403 0.1211713 0.1075783 0.1042688 0.1038870 0.0528233 0.0526509 0.0507160 0.1294252 0.1303695 0.0889266 0.1018573 0.0567306 0.0998403 0.1211713 0.0000010 0.0000010 0.0392891 0.0050109 0.0894887 0.1022602 0.0017770 0.0785985 0.0152105 0.1063376 0.1022602 0.1024470 0.1087488 0.1045884 0.0866700 0.0924506 0.0924506 0.0822541 0.0902468 0.1242791 0.0017142 0.0838287 0.0785985 0.1018367 0.0892503 0.1237432 0.0889266 0.0016980 0.0935350 0.2059853 0.0910835 0.1393480 0.0918078 0.0852938 0.0843030 0.1024786 0.0974445 0.0974445 0.0964981 0.0782002 0.0899743 0.1172055 0.1298566 0.1341160 0.0831358 0.2064675 0.0017107 0.0000022 0.0000010 0.0017320 0.0276559 0.0287018 0.0226207 0.0227122 0.0240583 0.0017461 0.1100959 0.1222952 0.1237432 0.0873076 0.0852338 0.0875125 0.0868882 0.0409405 0.0871357 0.1098626 0.0844620 0.0847876 0.0912538 0.0869702 0.0897639 0.1078192 0.0892503 0.0869702 0.0853345 0.1223218 0.0889322 0.1100845 0.0279330 0.0322890 0.0222140 0.0240983 0.0199424 0.0425607 0.0943032 0.1258619 0.0940975 0.0859138 0.0825056 0.0843831 0.0782161 0.0567733 0.0693929 0.0017306 0.1739326 0.0902468 0.0462505 0.0891073 0.0914812 0.3942136 0.0576442 0.0409405 0.0428953 0.1242791 0.0487077 0.0938667 0.0425607 0.0891886 0.0864919 0.0045090 0.0923450 0.0571342 0.0864919 0.0903623 0.1124944 
Suillellus_027 0.0110962 0.0000010 0.0208304 0.0000010 0.0000028 0.0732581 0.0692440 0.2420929 0.2788241 0.0763791 0.0175945 0.0188882 0.0208304 0.0269272 0.0175945 0.0169800 0.0189156 0.0189079 0.0188882 0.0269106 0.0000028 0.0018207 0.0000000 0.0000010 0.0000010 0.0268849 0.0273654 0.0268849 0.0018802 0.0278595 0.0168357 0.0760690 0.0763617 0.0863701 0.0761145 0.0746818 0.0176252 0.0798127 0.0501487 0.0816895 0.1170827 0.0869559 0.0867156 0.0863701 0.0457972 0.0456342 0.0435363 0.1125659 0.1154520 0.0756679 0.0839842 0.0501487 0.0816895 0.1170827 0.0000010 0.0000010 0.0375584 0.0018474 0.0863254 0.0842194 0.0000010 0.0739890 0.0092235 0.0886072 0.0842194 0.0843846 0.0911416 0.0866737 0.0732661 0.0808279 0.0808279 0.0808279 0.0663666 0.0971638 0.0000010 0.0739890 0.0739890 0.0838412 0.0759698 0.0967196 0.0756679 0.0000010 0.0786415 0.1825768 0.0779834 0.1069173 0.0806721 0.0713284 0.0707657 0.0844147 0.0818394 0.0818394 0.0786439 0.0627439 0.0763174 0.1022722 0.0991070 0.1067766 0.0831358 0.1830285 0.0000010 0.0000022 0.0000010 0.0000010 0.0268849 0.0269348 0.0216639 0.0216639 0.0216639 0.0000010 0.1004314 0.1023242 0.0967196 0.0738536 0.0716200 0.0740446 0.0734656 0.0393933 0.0736947 0.1001984 0.0709101 0.0712077 0.0781425 0.0735427 0.0761227 0.0979719 0.0759698 0.0735427 0.0737094 0.0951598 0.0756744 0.1004200 0.0269849 0.0301934 0.0171173 0.0229522 0.0196421 0.0411257 0.0751795 0.1258619 0.0811036 0.0796230 0.0762155 0.0798127 0.0762155 0.0520896 0.0693929 0.0000010 0.1389188 0.0663666 0.0452277 0.0758373 0.0783554 0.3461036 0.0462092 0.0393933 0.0415509 0.0971638 0.0433911 0.0808855 0.0411257 0.0891886 0.0731017 0.0045090 0.0788480 0.0472341 0.0731017 0.0770029 0.0854503 
