10
omdl_inat_178260866|ITS|PP923825.1                    0.0000000 0.0000010 0.0000010 0.0638245 0.0638245 0.0632961 0.0014981 0.0000010 0.0000010 0.0000010 
s.d._russell_ont_inaturalist_130697287|ITS|OP643402.1 0.0000010 0.0000000 0.0000010 0.0641410 0.0641410 0.0636335 0.0015050 0.0000010 0.0000010 0.0000010 
s.d._russell_ont_inaturalist_129773095|ITS|OP643231.1 0.0000010 0.0000010 0.0000000 0.0641410 0.0641410 0.0636335 0.0015050 0.0000010 0.0000010 0.0000010 
hkas                                                  0.0638245 0.0641410 0.0641410 0.0000000 0.0000010 0.0067420 0.0655064 0.0638245 0.0644531 0.0639211 
hkas82693|ITS|KM269196.1                              0.0638245 0.0641410 0.0641410 0.0000010 0.0000000 0.0067420 0.0655064 0.0638245 0.0644531 0.0639211 
hkas82694|ITS|KM269195.1                              0.0632961 0.0636335 0.0636335 0.0067420 0.0067420 0.0000000 0.0632961 0.0632961 0.0632961 0.0632961 
mb03_067|ITS|DQ867114.1                               0.0014981 0.0015050 0.0015050 0.0655064 0.0655064 0.0632961 0.0000000 0.0014981 0.0000010 0.0000010 
28002|ITS|DQ867113.1                                  0.0000010 0.0000010 0.0000010 0.0638245 0.0638245 0.0632961 0.0014981 0.0000000 0.0000010 0.0000010 
8669|ITS|DQ867112.1                                   0.0000010 0.0000010 0.0000010 0.0644531 0.0644531 0.0632961 0.0000010 0.0000010 0.0000000 0.0000010 
mb03_053|ITS|DQ867110.1                               0.0000010 0.0000010 0.0000010 0.0639211 0.0639211 0.0632961 0.0000010 0.0000010 0.0000010 0.0000000 
