42
Fistulinella_01 0.0000000 0.7057592 0.5724434 0.5724434 0.3106433 0.3316636 0.3348472 0.3106433 0.3280102 0.3280102 0.3152087 0.3280102 0.2379601 0.3122231 0.3309249 0.4773989 0.5098446 0.4773989 0.4773989 0.4773989 0.3423575 0.4102540 0.4144593 0.3106433 0.5789045 0.5124129 0.4128282 0.4128282 0.6924444 0.6691888 0.6855867 0.6839178 0.6924444 0.6924444 0.6662203 0.6736110 0.6036790 0.6965361 3.3097097 0.3794242 0.4784014 0.5724434 
Fistulinella_02 0.7057592 0.0000000 0.2833712 0.2833712 0.7759186 0.8410836 0.8391606 0.7759186 0.8334381 0.8334381 0.7759186 0.8334381 0.5800072 0.7794533 0.8259113 0.7808381 0.7952710 0.7808381 0.7793968 0.7808381 0.8246544 0.9041555 0.9124348 0.7759186 0.2833712 0.9185066 0.8298575 0.8298575 0.7008384 0.7100093 0.6926803 0.6854220 0.7042853 0.7008384 0.7007239 0.0019809 0.2775488 0.3152865 4.9443536 0.8539036 0.0509913 0.2833712 
Fistulinella_03 0.5724434 0.2833712 0.0000000 0.0000010 0.5818140 0.6214065 0.6239357 0.5818140 0.6162962 0.6112551 0.5893115 0.6162962 0.4670106 0.5909818 0.6419732 0.6938899 0.7305301 0.6908992 0.6868461 0.6908992 0.6098673 0.7443909 0.7506281 0.5855996 0.0000010 0.7620768 0.6405240 0.6405240 0.5283712 0.5444757 0.5180773 0.5076735 0.5303128 0.5283712 0.5293815 0.2709751 0.2130508 0.2093488 3.7495827 0.6972489 0.2037152 0.0017909 
Fistulinella_04 0.5724434 0.2833712 0.0000010 0.0000000 0.5818140 0.6214065 0.6239357 0.5818140 0.6162962 0.6112551 0.5893115 0.6162962 0.4670106 0.5909818 0.6419732 0.6938899 0.7305301 0.6908992 0.6868461 0.6908992 0.6098673 0.7443909 0.7506281 0.5855996 0.0000010 0.7620768 0.6405240 0.6405240 0.5283712 0.5444757 0.5180773 0.5076735 0.5303128 0.5283712 0.5293815 0.2709751 0.2130508 0.2093488 3.7495827 0.6972489 0.2037152 0.0017909 
Fistulinella_05 0.3106433 0.7759186 0.5818140 0.5818140 0.0000000 0.1196511 0.1203897 0.0000010 0.1174847 0.1174847 0.0016977 0.1174847 0.0759524 0.0000010 0.1227030 0.5702258 0.6030009 0.5681381 0.5490823 0.5681381 0.1291832 0.3767933 0.3803044 0.0017010 0.5798270 0.5242554 0.3969757 0.3969757 0.6466268 0.6387293 0.6602710 0.6378745 0.6437653 0.6466268 0.6298482 0.7600881 0.6320721 0.7668276 3.4840524 0.1505785 0.5209468 0.5864273 
Fistulinella_06 0.3316636 0.8410836 0.6214065 0.6214065 0.1196511 0.0000000 0.0034589 0.1196511 0.0017178 0.0034408 0.1220569 0.0017178 0.0020980 0.1196900 0.0052847 0.5471578 0.5880327 0.5451875 0.5363688 0.5451875 0.1496082 0.3815725 0.3850968 0.1223127 0.6191951 0.5246327 0.4390221 0.4390221 0.6758143 0.6727664 0.7044591 0.6747267 0.6729417 0.6758143 0.6658906 0.7961432 0.6029566 0.8151808 3.3147836 0.1620547 0.5790711 0.6160663 
Fistulinella_07 0.3348472 0.8391606 0.6239357 0.6239357 0.1203897 0.0034589 0.0000000 0.1203897 0.0017267 0.0034589 0.1228137 0.0017267 0.0021115 0.1199311 0.0052930 0.5532990 0.5949605 0.5512819 0.5423988 0.5512819 0.1482678 0.3850621 0.3886283 0.1230727 0.6216903 0.5154732 0.4362080 0.4362080 0.6789982 0.6758982 0.7024790 0.6726844 0.6760975 0.6789982 0.6638456 0.8013700 0.5995570 0.8132202 3.3147836 0.1600267 0.5755144 0.6185291 
Fistulinella_08 0.3106433 0.7759186 0.5818140 0.5818140 0.0000010 0.1196511 0.1203897 0.0000000 0.1174847 0.1174847 0.0016977 0.1174847 0.0759524 0.0000010 0.1227030 0.5702258 0.6030009 0.5681381 0.5490823 0.5681381 0.1291832 0.3767933 0.3803044 0.0017010 0.5798270 0.5242554 0.3969757 0.3969757 0.6466268 0.6387293 0.6602710 0.6378745 0.6437653 0.6466268 0.6298482 0.7600881 0.6320721 0.7668276 3.4840524 0.1505785 0.5209468 0.5864273 
Fistulinella_09 0.3280102 0.8334381 0.6162962 0.6162962 0.1174847 0.0017178 0.0017267 0.1174847 0.0000000 0.0017178 0.1198782 0.0000010 0.0000010 0.1174492 0.0035176 0.5426305 0.5832311 0.5406800 0.5318470 0.5406800 0.1473252 0.3780367 0.3815477 0.1201295 0.6141076 0.5193615 0.4350991 0.4350991 0.6705105 0.6674987 0.6987115 0.6691956 0.6676370 0.6705105 0.6604638 0.7896569 0.5951395 0.8078123 3.3147836 0.1596866 0.5712964 0.6109801 
Fistulinella_10 0.3280102 0.8334381 0.6112551 0.6112551 0.1174847 0.0034408 0.0034589 0.1174847 0.0017178 0.0000000 0.1198782 0.0017178 0.0020980 0.1174492 0.0052847 0.5426305 0.5832311 0.5406800 0.5318470 0.5406800 0.1473252 0.3780367 0.3815477 0.1201295 0.6090890 0.5141603 0.4350991 0.4350991 0.6758143 0.6727664 0.7044591 0.6747267 0.6729417 0.6758143 0.6658906 0.7896569 0.5874454 0.8005692 3.3147836 0.1596866 0.5636430 0.6059624 
Fistulinella_11 0.3152087 0.7759186 0.5893115 0.5893115 0.0016977 0.1220569 0.1228137 0.0016977 0.1198782 0.1198782 0.0000000 0.1198782 0.0785858 0.0000010 0.1227030 0.5774086 0.6107205 0.5752794 0.5561360 0.5752794 0.1316200 0.3815587 0.3851002 0.0034123 0.5872835 0.5323357 0.4019194 0.4019194 0.6549393 0.6469159 0.6602710 0.6378745 0.6520665 0.6549393 0.6298482 0.7706333 0.6320721 0.7668276 3.4840524 0.1505785 0.5209468 0.5939741 
Fistulinella_12 0.3280102 0.8334381 0.6162962 0.6162962 0.1174847 0.0017178 0.0017267 0.1174847 0.0000010 0.0017178 0.1198782 0.0000000 0.0000010 0.1174492 0.0035176 0.5426305 0.5832311 0.5406800 0.5318470 0.5406800 0.1473252 0.3780367 0.3815477 0.1201295 0.6141076 0.5193615 0.4350991 0.4350991 0.6705105 0.6674987 0.6987115 0.6691956 0.6676370 0.6705105 0.6604638 0.7896569 0.5951395 0.8078123 3.3147836 0.1596866 0.5712964 0.6109801 
Fistulinella_13 0.2379601 0.5800072 0.4670106 0.4670106 0.0759524 0.0020980 0.0021115 0.0759524 0.0000010 0.0020980 0.0785858 0.0000010 0.0000000 0.0778817 0.0043095 0.3846244 0.4069674 0.3831966 0.3831966 0.3831966 0.1174782 0.2408016 0.2441510 0.0759524 0.4651847 0.4963552 0.2733039 0.2733039 0.4691686 0.4599772 0.4851171 0.4622161 0.4659271 0.4691686 0.4472276 0.5574324 0.3302541 0.5990706 3.1181531 0.1345484 0.2833405 0.4615767 
Fistulinella_15 0.3122231 0.7794533 0.5909818 0.5909818 0.0000010 0.1196900 0.1199311 0.0000010 0.1174492 0.1174492 0.0000010 0.1174492 0.0778817 0.0000000 0.1221603 0.5475260 0.5802563 0.5454695 0.5454695 0.5454695 0.1159452 0.3668784 0.3704882 0.0000010 0.5888733 0.5247522 0.3894968 0.3894968 0.6419590 0.6338665 0.6383163 0.6164397 0.6390062 0.6419590 0.6166586 0.7630971 0.6074124 0.7634603 3.3887842 0.1392862 0.5209468 0.5958197 
Fistulinella_16 0.3309249 0.8259113 0.6419732 0.6419732 0.1227030 0.0052847 0.0052930 0.1227030 0.0035176 0.0052847 0.1227030 0.0035176 0.0043095 0.1221603 0.0000000 0.5356513 0.5766284 0.5336947 0.5297776 0.5336947 0.1535064 0.3901351 0.3937793 0.1254509 0.6396010 0.5323962 0.4518698 0.4518698 0.6842326 0.6810515 0.6944090 0.6650388 0.6812909 0.6842326 0.6563809 0.8084812 0.6013749 0.8151035 3.3537518 0.1650897 0.5819289 0.6363745 
Fistulinella_17 0.4773989 0.7808381 0.6938899 0.6938899 0.5702258 0.5471578 0.5532990 0.5702258 0.5426305 0.5426305 0.5774086 0.5426305 0.3846244 0.5475260 0.5356513 0.0000000 0.0202101 0.0000021 0.0000021 0.0000021 0.5136190 0.4534273 0.4575723 0.5738229 0.7007772 0.5880001 0.3814099 0.3814099 0.7780767 0.7761152 0.7534051 0.7662267 0.7814995 0.7780767 0.7801678 0.7610575 0.6253713 0.7964670 3.8323334 0.5905312 0.4851572 0.6994127 
Fistulinella_18 0.5098446 0.7952710 0.7305301 0.7305301 0.6030009 0.5880327 0.5949605 0.6030009 0.5832311 0.5832311 0.6107205 0.5832311 0.4069674 0.5802563 0.5766284 0.0202101 0.0000000 0.0201678 0.0205442 0.0201678 0.5475023 0.4757962 0.4800894 0.6069552 0.7379336 0.6071636 0.4066203 0.4066203 0.8006893 0.7987555 0.7761414 0.7892801 0.8042862 0.8006893 0.8037179 0.8063748 0.6357246 0.7805222 3.9885307 0.6308678 0.4674798 0.7364002 
Fistulinella_19 0.4773989 0.7808381 0.6908992 0.6908992 0.5681381 0.5451875 0.5512819 0.5681381 0.5406800 0.5406800 0.5752794 0.5406800 0.3831966 0.5454695 0.5336947 0.0000021 0.0201678 0.0000000 0.0000010 0.0000010 0.5118076 0.4518564 0.4559840 0.5717091 0.6977421 0.5852405 0.3840268 0.3840268 0.7746841 0.7727208 0.7500283 0.7627859 0.7780767 0.7746841 0.7766349 0.7610575 0.6253713 0.7964670 3.7829799 0.5883124 0.4851572 0.6963928 
Fistulinella_20 0.4773989 0.7793968 0.6868461 0.6868461 0.5490823 0.5363688 0.5423988 0.5490823 0.5318470 0.5318470 0.5561360 0.5318470 0.3831966 0.5454695 0.5297776 0.0000021 0.0205442 0.0000010 0.0000000 0.0000010 0.4997223 0.4437933 0.4479371 0.5490823 0.6937810 0.5852405 0.3760240 0.3760240 0.7597675 0.7577353 0.7344139 0.7472849 0.7631296 0.7597675 0.7589360 0.7267031 0.5916949 0.7935949 3.9216074 0.5685469 0.4851572 0.6924203 
Fistulinella_21 0.4773989 0.7808381 0.6908992 0.6908992 0.5681381 0.5451875 0.5512819 0.5681381 0.5406800 0.5406800 0.5752794 0.5406800 0.3831966 0.5454695 0.5336947 0.0000021 0.0201678 0.0000010 0.0000010 0.0000000 0.5118076 0.4518564 0.4559840 0.5717091 0.6977421 0.5852405 0.3840268 0.3840268 0.7746841 0.7727208 0.7500283 0.7627859 0.7780767 0.7746841 0.7766349 0.7610575 0.6253713 0.7964670 3.7829799 0.5883124 0.4851572 0.6963928 
Fistulinella_25 0.3423575 0.8246544 0.6098673 0.6098673 0.1291832 0.1496082 0.1482678 0.1291832 0.1473252 0.1473252 0.1316200 0.1473252 0.1174782 0.1159452 0.1535064 0.5136190 0.5475023 0.5118076 0.4997223 0.5118076 0.0000000 0.3783315 0.3818933 0.1253084 0.6077122 0.4959925 0.4156039 0.4156039 0.6564753 0.6585013 0.6507013 0.6509347 0.6536045 0.6564753 0.6529268 0.7840823 0.6732319 0.8174858 3.3305798 0.0631813 0.6215731 0.6146942 
Fistulinella_26 0.4102540 0.9041555 0.7443909 0.7443909 0.3767933 0.3815725 0.3850621 0.3767933 0.3780367 0.3780367 0.3815587 0.3780367 0.2408016 0.3668784 0.3901351 0.4534273 0.4757962 0.4518564 0.4437933 0.4518564 0.3783315 0.0000000 0.0017253 0.3787578 0.7413081 0.5074048 0.2070255 0.2070255 0.7176535 0.7288411 0.7319404 0.7237426 0.7146780 0.7176535 0.7510200 0.9195880 0.6112132 0.8501929 3.7460771 0.4464550 0.5987810 0.7503597 
Fistulinella_27 0.4144593 0.9124348 0.7506281 0.7506281 0.3803044 0.3850968 0.3886283 0.3803044 0.3815477 0.3815477 0.3851002 0.3815477 0.2441510 0.3704882 0.3937793 0.4575723 0.4800894 0.4559840 0.4479371 0.4559840 0.3818933 0.0017253 0.0000000 0.3822912 0.7475122 0.5022607 0.2042978 0.2042978 0.7233249 0.7345658 0.7380199 0.7296989 0.7203502 0.7233249 0.7571006 0.9271107 0.6197419 0.8579543 3.8199528 0.4503723 0.6069837 0.7566265 
Fistulinella_28 0.3106433 0.7759186 0.5855996 0.5855996 0.0017010 0.1223127 0.1230727 0.0017010 0.1201295 0.1201295 0.0034123 0.1201295 0.0759524 0.0000010 0.1254509 0.5738229 0.6069552 0.5717091 0.5490823 0.5717091 0.1253084 0.3787578 0.3822912 0.0000000 0.5835867 0.5242554 0.3990702 0.3990702 0.6426815 0.6348235 0.6560970 0.6338217 0.6398181 0.6426815 0.6289420 0.7554246 0.6310656 0.7735347 3.5547240 0.1466192 0.5209468 0.5902501 
Fistulinella_29 0.5789045 0.2833712 0.0000010 0.0000010 0.5798270 0.6191951 0.6216903 0.5798270 0.6141076 0.6090890 0.5872835 0.6141076 0.4651847 0.5888733 0.6396010 0.7007772 0.7379336 0.6977421 0.6937810 0.6977421 0.6077122 0.7413081 0.7475122 0.5835867 0.0000000 0.7583421 0.6436775 0.6436775 0.5266284 0.5426593 0.5162900 0.5059593 0.5285573 0.5266284 0.5275811 0.2733426 0.2130508 0.2093488 3.7837462 0.7002692 0.2037152 0.0017909 
Fistulinella_30 0.5124129 0.9185066 0.7620768 0.7620768 0.5242554 0.5246327 0.5154732 0.5242554 0.5193615 0.5141603 0.5323357 0.5193615 0.4963552 0.5247522 0.5323962 0.5880001 0.6071636 0.5852405 0.5852405 0.5852405 0.4959925 0.5074048 0.5022607 0.5242554 0.7583421 0.0000000 0.5358285 0.5358285 0.7620748 0.7534757 0.7614855 0.7424364 0.7659797 0.7620748 0.7337729 0.9045444 0.5319402 0.8227188 4.8699086 0.5519484 0.4767679 0.7620768 
Fistulinella_31 0.4128282 0.8298575 0.6405240 0.6405240 0.3969757 0.4390221 0.4362080 0.3969757 0.4350991 0.4350991 0.4019194 0.4350991 0.2733039 0.3894968 0.4518698 0.3814099 0.4066203 0.3840268 0.3760240 0.3840268 0.4156039 0.2070255 0.2042978 0.3990702 0.6436775 0.5358285 0.0000000 0.0000010 0.7005287 0.7095194 0.6912244 0.6846737 0.6976075 0.7005287 0.7082789 0.7857385 0.6412340 0.8007590 3.3464604 0.4202747 0.5176452 0.6459273 
Fistulinella_32 0.4128282 0.8298575 0.6405240 0.6405240 0.3969757 0.4390221 0.4362080 0.3969757 0.4350991 0.4350991 0.4019194 0.4350991 0.2733039 0.3894968 0.4518698 0.3814099 0.4066203 0.3840268 0.3760240 0.3840268 0.4156039 0.2070255 0.2042978 0.3990702 0.6436775 0.5358285 0.0000010 0.0000000 0.7005287 0.7095194 0.6912244 0.6846737 0.6976075 0.7005287 0.7082789 0.7857385 0.6412340 0.8007590 3.3464604 0.4202747 0.5176452 0.6459273 
Fistulinella_33 0.6924444 0.7008384 0.5283712 0.5283712 0.6466268 0.6758143 0.6789982 0.6466268 0.6705105 0.6758143 0.6549393 0.6705105 0.4691686 0.6419590 0.6842326 0.7780767 0.8006893 0.7746841 0.7597675 0.7746841 0.6564753 0.7176535 0.7233249 0.6426815 0.5266284 0.7620748 0.7005287 0.7005287 0.0000000 0.0069634 0.0090966 0.0000021 0.0000021 0.0000010 0.0163890 0.7454547 0.5072987 0.5609803 4.4522504 0.6977403 0.4768101 0.5283712 
Fistulinella_34 0.6691888 0.7100093 0.5444757 0.5444757 0.6387293 0.6727664 0.6758982 0.6387293 0.6674987 0.6727664 0.6469159 0.6674987 0.4599772 0.6338665 0.6810515 0.7761152 0.7987555 0.7727208 0.7577353 0.7727208 0.6585013 0.7288411 0.7345658 0.6348235 0.5426593 0.7534757 0.7095194 0.7095194 0.0069634 0.0000000 0.0165901 0.0072145 0.0069762 0.0069634 0.0126240 0.7539135 0.5317166 0.5747632 4.2713663 0.6996922 0.5005451 0.5444757 
Fistulinella_35 0.6855867 0.6926803 0.5180773 0.5180773 0.6602710 0.7044591 0.7024790 0.6602710 0.6987115 0.7044591 0.6602710 0.6987115 0.4851171 0.6383163 0.6944090 0.7534051 0.7761414 0.7500283 0.7344139 0.7500283 0.6507013 0.7319404 0.7380199 0.6560970 0.5162900 0.7614855 0.6912244 0.6912244 0.0090966 0.0165901 0.0000000 0.0072924 0.0091155 0.0090966 0.0261128 0.7340135 0.5052774 0.5435713 4.5374903 0.6974651 0.4813723 0.5180773 
Fistulinella_36 0.6839178 0.6854220 0.5076735 0.5076735 0.6378745 0.6747267 0.6726844 0.6378745 0.6691956 0.6747267 0.6378745 0.6691956 0.4622161 0.6164397 0.6650388 0.7662267 0.7892801 0.7627859 0.7472849 0.7627859 0.6509347 0.7237426 0.7296989 0.6338217 0.5059593 0.7424364 0.6846737 0.6846737 0.0000021 0.0072145 0.0072924 0.0000000 0.0000026 0.0000021 0.0164499 0.7342373 0.4953866 0.5517316 4.4173397 0.6736852 0.4621989 0.5076735 
Fistulinella_37 0.6924444 0.7042853 0.5303128 0.5303128 0.6437653 0.6729417 0.6760975 0.6437653 0.6676370 0.6729417 0.6520665 0.6676370 0.4659271 0.6390062 0.6812909 0.7814995 0.8042862 0.7780767 0.7631296 0.7780767 0.6536045 0.7146780 0.7203502 0.6398181 0.5285573 0.7659797 0.6976075 0.6976075 0.0000021 0.0069762 0.0091155 0.0000026 0.0000000 0.0000021 0.0164231 0.7488463 0.5072987 0.5633775 4.4173148 0.6948164 0.4768101 0.5303128 
Fistulinella_38 0.6924444 0.7008384 0.5283712 0.5283712 0.6466268 0.6758143 0.6789982 0.6466268 0.6705105 0.6758143 0.6549393 0.6705105 0.4691686 0.6419590 0.6842326 0.7780767 0.8006893 0.7746841 0.7597675 0.7746841 0.6564753 0.7176535 0.7233249 0.6426815 0.5266284 0.7620748 0.7005287 0.7005287 0.0000010 0.0069634 0.0090966 0.0000021 0.0000021 0.0000000 0.0163890 0.7454547 0.5072987 0.5609803 4.4522504 0.6977403 0.4768101 0.5283712 
Fistulinella_39 0.6662203 0.7007239 0.5293815 0.5293815 0.6298482 0.6658906 0.6638456 0.6298482 0.6604638 0.6658906 0.6298482 0.6604638 0.4472276 0.6166586 0.6563809 0.7801678 0.8037179 0.7766349 0.7589360 0.7766349 0.6529268 0.7510200 0.7571006 0.6289420 0.5275811 0.7337729 0.7082789 0.7082789 0.0163890 0.0126240 0.0261128 0.0164499 0.0164231 0.0163890 0.0000000 0.7398835 0.5188916 0.5701429 4.4413838 0.6808184 0.4914381 0.5293815 
Fistulinella_40 0.6736110 0.0019809 0.2709751 0.2709751 0.7600881 0.7961432 0.8013700 0.7600881 0.7896569 0.7896569 0.7706333 0.7896569 0.5574324 0.7630971 0.8084812 0.7610575 0.8063748 0.7610575 0.7267031 0.7610575 0.7840823 0.9195880 0.9271107 0.7554246 0.2733426 0.9045444 0.7857385 0.7857385 0.7454547 0.7539135 0.7340135 0.7342373 0.7488463 0.7454547 0.7398835 0.0000000 0.2929236 0.3229306 5.0095253 0.8459917 0.0509913 0.2709751 
Fistulinella_41 0.6036790 0.2775488 0.2130508 0.2130508 0.6320721 0.6029566 0.5995570 0.6320721 0.5951395 0.5874454 0.6320721 0.5951395 0.3302541 0.6074124 0.6013749 0.6253713 0.6357246 0.6253713 0.5916949 0.6253713 0.6732319 0.6112132 0.6197419 0.6310656 0.2130508 0.5319402 0.6412340 0.6412340 0.5072987 0.5317166 0.5052774 0.4953866 0.5072987 0.5072987 0.5188916 0.2929236 0.0000000 0.2087562 4.1915892 0.6971180 0.2700338 0.2173595 
Fistulinella_42 0.6965361 0.3152865 0.2093488 0.2093488 0.7668276 0.8151808 0.8132202 0.7668276 0.8078123 0.8005692 0.7668276 0.8078123 0.5990706 0.7634603 0.8151035 0.7964670 0.7805222 0.7964670 0.7935949 0.7964670 0.8174858 0.8501929 0.8579543 0.7735347 0.2093488 0.8227188 0.8007590 0.8007590 0.5609803 0.5747632 0.5435713 0.5517316 0.5633775 0.5609803 0.5701429 0.3229306 0.2087562 0.0000000 3.6759255 0.8515244 0.2089685 0.2123295 
Fistulinella_43 3.3097097 4.9443536 3.7495827 3.7495827 3.4840524 3.3147836 3.3147836 3.4840524 3.3147836 3.3147836 3.4840524 3.3147836 3.1181531 3.3887842 3.3537518 3.8323334 3.9885307 3.7829799 3.9216074 3.7829799 3.3305798 3.7460771 3.8199528 3.5547240 3.7837462 4.8699086 3.3464604 3.3464604 4.4522504 4.2713663 4.5374903 4.4173397 4.4173148 4.4522504 4.4413838 5.0095253 4.1915892 3.6759255 0.0000000 3.0805996 3.4551072 3.7495827 
Fistulinella_44 0.3794242 0.8539036 0.6972489 0.6972489 0.1505785 0.1620547 0.1600267 0.1505785 0.1596866 0.1596866 0.1505785 0.1596866 0.1345484 0.1392862 0.1650897 0.5905312 0.6308678 0.5883124 0.5685469 0.5883124 0.0631813 0.4464550 0.4503723 0.1466192 0.7002692 0.5519484 0.4202747 0.4202747 0.6977403 0.6996922 0.6974651 0.6736852 0.6948164 0.6977403 0.6808184 0.8459917 0.6971180 0.8515244 3.0805996 0.0000000 0.6096373 0.6912757 
Fistulinella_45 0.4784014 0.0509913 0.2037152 0.2037152 0.5209468 0.5790711 0.5755144 0.5209468 0.5712964 0.5636430 0.5209468 0.5712964 0.2833405 0.5209468 0.5819289 0.4851572 0.4674798 0.4851572 0.4851572 0.4851572 0.6215731 0.5987810 0.6069837 0.5209468 0.2037152 0.4767679 0.5176452 0.5176452 0.4768101 0.5005451 0.4813723 0.4621989 0.4768101 0.4768101 0.4914381 0.0509913 0.2700338 0.2089685 3.4551072 0.6096373 0.0000000 0.2037152 
Fistulinella_46 0.5724434 0.2833712 0.0017909 0.0017909 0.5864273 0.6160663 0.6185291 0.5864273 0.6109801 0.6059624 0.5939741 0.6109801 0.4615767 0.5958197 0.6363745 0.6994127 0.7364002 0.6963928 0.6924203 0.6963928 0.6146942 0.7503597 0.7566265 0.5902501 0.0017909 0.7620768 0.6459273 0.6459273 0.5283712 0.5444757 0.5180773 0.5076735 0.5303128 0.5283712 0.5293815 0.2709751 0.2173595 0.2123295 3.7495827 0.6912757 0.2037152 0.0000000 
