18
anderlechi_02_2021|ITS|OQ288920.1                    0.0000000 0.0045329 0.2620656 0.0125122 0.0136602 0.0139087 0.1696451 0.1890048 0.0000010 0.0000010 0.0000010 0.0000010 0.1565209 0.1696451 0.2469175 0.2469175 0.2529600 0.2469175 
anderlechi_12_2021|ITS|OQ288919.1                    0.0045329 0.0000000 0.2876536 0.0107598 0.0122125 0.0124107 0.2311391 0.2230421 0.0081252 0.0081252 0.0081252 0.0081252 0.1864297 0.2311391 0.2730283 0.2730283 0.2785737 0.2730283 
bpi_925437|ITS|PP102315.1                            0.2620656 0.2876536 0.0000000 0.2295662 0.2732348 0.2732348 0.2951833 0.3204849 0.2830074 0.2830074 0.2679913 0.2679913 0.2351191 0.2951833 0.0077370 0.0077370 0.0116278 0.0080945 
k_m000193867|ITS|OQ108306.1                          0.0125122 0.0107598 0.2295662 0.0000000 0.0000010 0.0000010 0.2274289 0.1797669 0.0103241 0.0103241 0.0097497 0.0097497 0.1425916 0.2274289 0.2295662 0.2295662 0.2359915 0.2457791 
k_m000193866|ITS|OQ108305.1                          0.0136602 0.0122125 0.2732348 0.0000010 0.0000000 0.0000010 0.2272587 0.2198116 0.0118345 0.0118345 0.0113242 0.0113242 0.1859402 0.2272587 0.2602279 0.2602279 0.2653029 0.2743591 
f_j.p._fiard_563a/b_holotype/paratype|ITS|OQ108304.1 0.0139087 0.0124107 0.2732348 0.0000010 0.0000010 0.0000000 0.2272587 0.2237671 0.0120205 0.0120205 0.0114946 0.0114946 0.1859402 0.2272587 0.2649175 0.2649175 0.2700946 0.2795799 
brg                                                  0.1696451 0.2311391 0.2951833 0.2274289 0.2272587 0.2272587 0.0000000 0.1034956 0.2343907 0.2343907 0.2222161 0.2222161 0.0451559 0.0000010 0.2951833 0.2951833 0.3007608 0.3126509 
gas_900|ITS|KY907182.1                               0.1890048 0.2230421 0.3204849 0.1797669 0.2198116 0.2237671 0.1034956 0.0000000 0.2264662 0.2264662 0.2148452 0.2148452 0.1121742 0.1034956 0.3160011 0.3160011 0.3216634 0.3348535 
bzl_69|ITS|KY907181.1                                0.0000010 0.0081252 0.2830074 0.0103241 0.0118345 0.0120205 0.2343907 0.2264662 0.0000000 0.0000010 0.0000010 0.0000010 0.1907463 0.2343907 0.2689990 0.2689990 0.2743591 0.2689990 
mj_105|ITS|KY907180.1                                0.0000010 0.0081252 0.2830074 0.0103241 0.0118345 0.0120205 0.2343907 0.2264662 0.0000010 0.0000000 0.0000010 0.0000010 0.1907463 0.2343907 0.2689990 0.2689990 0.2743591 0.2689990 
cato_106|ITS|KY907179.1                              0.0000010 0.0081252 0.2679913 0.0097497 0.0113242 0.0114946 0.2222161 0.2148452 0.0000010 0.0000010 0.0000000 0.0000010 0.1811258 0.2222161 0.2551734 0.2551734 0.2602279 0.2689990 
acm_1275|ITS|KY907178.1                              0.0000010 0.0081252 0.2679913 0.0097497 0.0113242 0.0114946 0.2222161 0.2148452 0.0000010 0.0000010 0.0000010 0.0000000 0.1811258 0.2222161 0.2551734 0.2551734 0.2602279 0.2689990 
henkel_9616|ITS|LC043096.1                           0.1565209 0.1864297 0.2351191 0.1425916 0.1859402 0.1859402 0.0451559 0.1121742 0.1907463 0.1907463 0.1811258 0.1811258 0.0000000 0.0451559 0.2351191 0.2351191 0.2403957 0.2485606 
henkel_9585|ITS|LC043093.1                           0.1696451 0.2311391 0.2951833 0.2274289 0.2272587 0.2272587 0.0000010 0.1034956 0.2343907 0.2343907 0.2222161 0.2222161 0.0451559 0.0000000 0.2951833 0.2951833 0.3007608 0.3126509 
aime_4004|ITS|LC043090.1                             0.2469175 0.2730283 0.0077370 0.2295662 0.2602279 0.2649175 0.2951833 0.3160011 0.2689990 0.2689990 0.2551734 0.2551734 0.2351191 0.2951833 0.0000000 0.0000010 0.0037607 0.0000010 
henkel_9199|ITS|LC043087.1                           0.2469175 0.2730283 0.0077370 0.2295662 0.2602279 0.2649175 0.2951833 0.3160011 0.2689990 0.2689990 0.2551734 0.2551734 0.2351191 0.2951833 0.0000010 0.0000000 0.0037607 0.0000010 
_R_henkel_8865|ITS|LC043084.1                        0.2529600 0.2785737 0.0116278 0.2359915 0.2653029 0.2700946 0.3007608 0.3216634 0.2743591 0.2743591 0.2602279 0.2602279 0.2403957 0.3007608 0.0037607 0.0037607 0.0000000 0.0039294 
th8408|ITS|JN021114.1                                0.2469175 0.2730283 0.0080945 0.2457791 0.2743591 0.2795799 0.3126509 0.3348535 0.2689990 0.2689990 0.2689990 0.2689990 0.2485606 0.3126509 0.0000010 0.0000010 0.0039294 0.0000000 
