9
Mycoamaranthus_1 0.0000000 0.5563435 0.4489850 0.6693786 0.7861370 0.3919768 0.3895529 0.3887509 0.3887509 
Mycoamaranthus_2 0.5563435 0.0000000 0.4382213 0.4856029 0.5577777 0.3739052 0.3773374 0.3708752 0.3708752 
Mycoamaranthus_3 0.4489850 0.4382213 0.0000000 0.5593046 0.6687690 0.0217090 0.0217434 0.0217090 0.0217090 
Mycoamaranthus_4 0.6693786 0.4856029 0.5593046 0.0000000 0.6945993 0.5609226 0.5717590 0.5702346 0.5702346 
Mycoamaranthus_5 0.7861370 0.5577777 0.6687690 0.6945993 0.0000000 0.5751795 0.5712502 0.5699523 0.5699523 
Mycoamaranthus_6 0.3919768 0.3739052 0.0217090 0.5609226 0.5751795 0.0000000 0.0029296 0.0000010 0.0000010 
Mycoamaranthus_7 0.3895529 0.3773374 0.0217434 0.5717590 0.5712502 0.0029296 0.0000000 0.0029122 0.0029122 
Mycoamaranthus_8 0.3887509 0.3708752 0.0217090 0.5702346 0.5699523 0.0000010 0.0029122 0.0000000 0.0000010 
Mycoamaranthus_9 0.3887509 0.3708752 0.0217090 0.5702346 0.5699523 0.0000010 0.0029122 0.0000010 0.0000000 
