7
dai_25085|ITS|PQ191384.1  0.0000000 0.3034569 0.3034569 0.0073033 0.0213020 0.3039432 0.0095271 
mrc65|ITS|PP582954.1      0.3034569 0.0000000 0.0000010 0.2669488 0.2767993 0.0034076 0.2726587 
mrc64|ITS|PP582953.1      0.3034569 0.0000010 0.0000000 0.2669488 0.2767993 0.0034076 0.2726587 
oms_032|ITS|LC667060.1    0.0073033 0.2669488 0.2669488 0.0000000 0.0000010 0.2673805 0.0018691 
hkas_82644|ITS|OM904989.1 0.0213020 0.2767993 0.2767993 0.0000010 0.0000000 0.2772400 0.0019270 
gsk2020_19|ITS|OM109687.1 0.3039432 0.0034076 0.0034076 0.2673805 0.2772400 0.0000000 0.2731215 
le312475|ITS|MT893599.1   0.0095271 0.2726587 0.2726587 0.0018691 0.0019270 0.2731215 0.0000000 
