32
kun_hkas132786|ITS|PP382452.1    0.0000000 0.0976505 0.1325584 0.1321724 0.1078278 0.1488097 0.6888233 0.1103647 0.1122430 0.1122191 0.1519555 0.1141266 0.0175855 0.0938148 0.0920197 0.1222666 0.1122430 0.1744892 0.1160181 0.0962694 0.0086726 0.0210842 0.0086726 0.0096024 0.0210842 0.1329208 0.0278222 0.0902292 0.1532399 0.4679615 0.1831332 0.0550154 
sd_201|ITS|PQ804887.1            0.0976505 0.0000000 0.1384300 0.1380141 0.0736057 0.1301220 0.6405084 0.0724547 0.0741983 0.0741833 0.1247122 0.0759472 0.0937145 0.0900342 0.0882216 0.0848715 0.0741983 0.1327563 0.0777030 0.0586068 0.0863934 0.1481139 0.0863934 0.0720964 0.1481139 0.1206566 0.0206937 0.0864137 0.1328477 0.4775376 0.1523723 0.0417039 
bo24642|ITS|PQ220248.1           0.1325584 0.1384300 0.0000000 0.0034262 0.1555393 0.1879297 0.8133160 0.1501020 0.1501020 0.1525228 0.1543314 0.1501020 0.1278375 0.1011754 0.1033947 0.1530240 0.1501020 0.2636994 0.1550344 0.1382701 0.1278375 0.1924492 0.1278375 0.1059609 0.1924492 0.1828507 0.0498846 0.1012078 0.2296351 0.3058813 0.1490708 0.1168901 
sl2141|ITS|OR636165.1            0.1321724 0.1380141 0.0034262 0.0000000 0.1500867 0.1911617 0.8017879 0.1448038 0.1448038 0.1471972 0.1543314 0.1448038 0.1274678 0.1036361 0.1058712 0.1476762 0.1448038 0.2439363 0.1496779 0.1353181 0.1274678 0.1780353 0.1274678 0.1031553 0.1780353 0.1861297 0.0498846 0.1036695 0.2339146 0.2970655 0.1490708 0.1168901 
oms_029|ITS|LC667058.1           0.1078278 0.0736057 0.1555393 0.1500867 0.0000000 0.1482121 0.7021562 0.0031065 0.0031065 0.0046669 0.1562350 0.0046677 0.1020771 0.1020440 0.1060563 0.0096676 0.0031065 0.0000010 0.0000010 0.0021322 0.0978754 0.1395437 0.0978754 0.0825725 0.1395437 0.1405729 0.0387408 0.1060551 0.1515565 0.3658736 0.1497032 0.0000010 
hkas122685|ITS|ON794431.1        0.1488097 0.1301220 0.1879297 0.1911617 0.1482121 0.0000000 0.7149279 0.1537736 0.1516720 0.1558485 0.2000590 0.1537736 0.1484250 0.1336235 0.1316450 0.1582283 0.1516720 0.2473340 0.1558845 0.1219753 0.1359941 0.2179081 0.1359941 0.1115956 0.2179081 0.0498094 0.0398278 0.1296712 0.0714651 0.4814765 0.2301280 0.0876353 
hkas122501|ITS|ON794331.1        0.6888233 0.6405084 0.8133160 0.8017879 0.7021562 0.7149279 0.0000000 0.6975368 0.6975368 0.7037659 0.6930366 0.6975368 0.6952555 0.7208852 0.7081279 0.6955121 0.6975368 0.7776417 0.6975368 0.6697994 0.6952555 1.1903623 0.6952555 0.6388756 1.1903623 0.7071995 0.5326297 0.7147428 0.6847677 0.6679461 0.6859269 0.6451768 
hkas122500|ITS|ON794330.1        0.1103647 0.0724547 0.1501020 0.1448038 0.0031065 0.1537736 0.6975368 0.0000000 0.0014283 0.0014280 0.1577866 0.0028612 0.1063735 0.1102956 0.1159347 0.0095293 0.0014283 0.0044615 0.0042988 0.0020921 0.1008413 0.1459240 0.1008413 0.0863581 0.1459240 0.1469019 0.0414456 0.1140687 0.1479146 0.4676426 0.1882634 0.0038995 
hkas122368|ITS|ON794255.1        0.1122430 0.0741983 0.1501020 0.1448038 0.0031065 0.1516720 0.6975368 0.0014283 0.0000000 0.0028607 0.1577866 0.0014283 0.1082335 0.1121717 0.1178302 0.0095293 0.0000010 0.0000010 0.0028612 0.0020921 0.1026821 0.1517720 0.1026821 0.0883348 0.1517720 0.1448078 0.0414456 0.1159581 0.1479146 0.4676426 0.1857847 0.0038995 
hkas111748|ITS|ON794228.1        0.1122191 0.0741833 0.1525228 0.1471972 0.0046669 0.1558485 0.7037659 0.0014280 0.0028607 0.0000000 0.1603514 0.0042980 0.1082107 0.1121480 0.1178051 0.0111359 0.0028607 0.0044615 0.0057399 0.0041932 0.1026606 0.1459240 0.1026606 0.0883148 0.1459240 0.1489709 0.0441521 0.1159334 0.1515128 0.4738728 0.1907040 0.0038995 
ba16|ITS|LC483904.1              0.1519555 0.1247122 0.1543314 0.1543314 0.1562350 0.2000590 0.6930366 0.1577866 0.1577866 0.1603514 0.0000000 0.1603948 0.1417778 0.1299681 0.1250998 0.1672181 0.1577866 0.3802168 0.1577866 0.1141293 0.1417778 0.3359822 0.1417778 0.1218790 0.3359822 0.1508784 0.0389021 0.1275625 0.1694419 0.2965655 0.0035092 0.0742390 
jy2021_8_18_4|ITS|OL998840.1     0.1141266 0.0759472 0.1501020 0.1448038 0.0046677 0.1537736 0.6975368 0.0028612 0.0014283 0.0042980 0.1603948 0.0000000 0.1100988 0.1140532 0.1197312 0.0111379 0.0014283 0.0044615 0.0042988 0.0020921 0.1045282 0.1576740 0.1045282 0.0903181 0.1576740 0.1469019 0.0414456 0.1178529 0.1479146 0.4740981 0.1882634 0.0038995 
ymf5.0056|ITS|MW893258.1         0.0175855 0.0937145 0.1278375 0.1274678 0.1020771 0.1484250 0.6952555 0.1063735 0.1082335 0.1082107 0.1417778 0.1100988 0.0000000 0.0936018 0.0918114 0.1118686 0.1082335 0.1664873 0.1119718 0.0936134 0.0101538 0.0299693 0.0101538 0.0112464 0.0299693 0.1264596 0.0252203 0.0900254 0.1532399 0.4550703 0.1811987 0.0550154 
gdgm44447|ITS|MN202582.1         0.0938148 0.0900342 0.1011754 0.1036361 0.1020440 0.1336235 0.7208852 0.1102956 0.1121717 0.1121480 0.1299681 0.1140532 0.0936018 0.0000000 0.0043301 0.1165375 0.1121717 0.1665235 0.1121717 0.0938476 0.0828583 0.1053614 0.0828583 0.0646964 0.1053614 0.1155958 0.0000010 0.0057839 0.1619603 0.4484177 0.1574132 0.0744799 
gdgm44783|ITS|MN202581.1         0.0920197 0.0882216 0.1033947 0.1058712 0.1060563 0.1316450 0.7081279 0.1159347 0.1178302 0.1178051 0.1250998 0.1197312 0.0918114 0.0043301 0.0000000 0.1228214 0.1178302 0.1665235 0.1178302 0.1018695 0.0811026 0.1053614 0.0811026 0.0646964 0.1053614 0.1117135 0.0000010 0.0043315 0.1657920 0.4484177 0.1550902 0.0744799 
mhhnu_30645|ITS|MK253768.1       0.1222666 0.0848715 0.1530240 0.1476762 0.0096676 0.1582283 0.6955121 0.0095293 0.0095293 0.0111359 0.1672181 0.0111379 0.1118686 0.1165375 0.1228214 0.0000000 0.0095293 0.0321243 0.0095293 0.0000010 0.1118686 0.1995960 0.1118686 0.0967404 0.1995960 0.1502335 0.0387408 0.1207424 0.1515707 0.3816178 0.1659777 0.0000010 
n.k._zeng3023|ITS|MF962408.1     0.1122430 0.0741983 0.1501020 0.1448038 0.0031065 0.1516720 0.6975368 0.0014283 0.0000010 0.0028607 0.1577866 0.0014283 0.1082335 0.1121717 0.1178302 0.0095293 0.0000000 0.0000010 0.0028612 0.0020921 0.1026821 0.1517720 0.1026821 0.0883348 0.1517720 0.1448078 0.0414456 0.1159581 0.1479146 0.4676426 0.1857847 0.0038995 
n.k._zeng1566|ITS|MF962405.1     0.1744892 0.1327563 0.2636994 0.2439363 0.0000010 0.2473340 0.7776417 0.0044615 0.0000010 0.0044615 0.3802168 0.0044615 0.1664873 0.1665235 0.1665235 0.0321243 0.0000010 0.0000000 0.0000010 0.0000010 0.1472808 0.1472808 0.1472808 0.1472808 0.1472808 0.2540167 0.1025943 0.1600377 0.0000010 1.0187382 0.4669441 0.0000010 
n.k._zeng1335|ITS|MF962404.1     0.1160181 0.0777030 0.1550344 0.1496779 0.0000010 0.1558845 0.6975368 0.0042988 0.0028612 0.0057399 0.1577866 0.0042988 0.1119718 0.1121717 0.1178302 0.0095293 0.0028612 0.0000010 0.0000000 0.0020921 0.1063818 0.1517720 0.1063818 0.0903181 0.1517720 0.1490054 0.0387408 0.1159581 0.1552529 0.4676426 0.1857847 0.0000010 
n.k._zeng1329|ITS|MF962403.1     0.0962694 0.0586068 0.1382701 0.1353181 0.0021322 0.1219753 0.6697994 0.0020921 0.0020921 0.0041932 0.1141293 0.0020921 0.0936134 0.0938476 0.1018695 0.0000010 0.0020921 0.0000010 0.0020921 0.0000000 0.0936134 0.5134564 0.0936134 0.0707293 0.5134564 0.1095614 0.0404361 0.1018992 0.1515707 0.1964199 0.1093279 0.0000010 
n.k._zeng2864_1|ITS|MF962401.1   0.0086726 0.0863934 0.1278375 0.1274678 0.0978754 0.1359941 0.6952555 0.1008413 0.1026821 0.1026606 0.1417778 0.1045282 0.0101538 0.0828583 0.0811026 0.1118686 0.1026821 0.1472808 0.1063818 0.0936134 0.0000000 0.0000010 0.0000010 0.0000010 0.0000010 0.1224296 0.0252203 0.0793515 0.1532399 0.4487017 0.1704902 0.0550154 
n.k._zeng2864|ITS|MF962400.1     0.0210842 0.1481139 0.1924492 0.1780353 0.1395437 0.2179081 1.1903623 0.1459240 0.1517720 0.1459240 0.3359822 0.1576740 0.0299693 0.1053614 0.1053614 0.1995960 0.1517720 0.1472808 0.1517720 0.5134564 0.0000010 0.0000000 0.0000010 0.0000010 0.0000010 0.2236856 0.0158889 0.1000439 1.2421716 1.0105073 0.4253507 0.0000010 
n.k._zeng2792|ITS|MF962399.1     0.0086726 0.0863934 0.1278375 0.1274678 0.0978754 0.1359941 0.6952555 0.1008413 0.1026821 0.1026606 0.1417778 0.1045282 0.0101538 0.0828583 0.0811026 0.1118686 0.1026821 0.1472808 0.1063818 0.0936134 0.0000010 0.0000010 0.0000000 0.0000010 0.0000010 0.1224296 0.0252203 0.0793515 0.1532399 0.4487017 0.1704902 0.0550154 
n.k._zeng2791|ITS|MF962398.1     0.0096024 0.0720964 0.1059609 0.1031553 0.0825725 0.1115956 0.6388756 0.0863581 0.0883348 0.0883148 0.1218790 0.0903181 0.0112464 0.0646964 0.0646964 0.0967404 0.0883348 0.1472808 0.0903181 0.0707293 0.0000010 0.0000010 0.0000010 0.0000000 0.0000010 0.1064811 0.0252203 0.0646957 0.1060681 0.4487017 0.1586611 0.0539825 
n.k._zeng2788|ITS|MF962396.1     0.0210842 0.1481139 0.1924492 0.1780353 0.1395437 0.2179081 1.1903623 0.1459240 0.1517720 0.1459240 0.3359822 0.1576740 0.0299693 0.1053614 0.1053614 0.1995960 0.1517720 0.1472808 0.1517720 0.5134564 0.0000010 0.0000010 0.0000010 0.0000010 0.0000000 0.2236856 0.0158889 0.1000439 1.2421716 1.0105073 0.4253507 0.0000010 
n.k.zeng3109|ITS|MH241052.1      0.1329208 0.1206566 0.1828507 0.1861297 0.1405729 0.0498094 0.7071995 0.1469019 0.1448078 0.1489709 0.1508784 0.1469019 0.1264596 0.1155958 0.1117135 0.1502335 0.1448078 0.2540167 0.1490054 0.1095614 0.1224296 0.2236856 0.1224296 0.1064811 0.2236856 0.0000000 0.0425790 0.1117123 0.0545302 0.4428626 0.1830910 0.0729461 
HE817963.1|ITS|HE817963.1        0.0278222 0.0206937 0.0498846 0.0498846 0.0387408 0.0398278 0.5326297 0.0414456 0.0414456 0.0441521 0.0389021 0.0414456 0.0252203 0.0000010 0.0000010 0.0387408 0.0414456 0.1025943 0.0387408 0.0404361 0.0252203 0.0158889 0.0252203 0.0252203 0.0158889 0.0425790 0.0000000 0.0024377 0.0764551 0.1532195 0.0389021 0.0259374 
1178|ITS|HE814079.1              0.0902292 0.0864137 0.1012078 0.1036695 0.1060551 0.1296712 0.7147428 0.1140687 0.1159581 0.1159334 0.1275625 0.1178529 0.0900254 0.0057839 0.0043315 0.1207424 0.1159581 0.1600377 0.1159581 0.1018992 0.0793515 0.1000439 0.0793515 0.0646957 0.1000439 0.1117123 0.0024377 0.0000000 0.1658573 0.4548237 0.1551282 0.0792489 
cmub39822|ITS|KX575659.1         0.1532399 0.1328477 0.2296351 0.2339146 0.1515565 0.0714651 0.6847677 0.1479146 0.1479146 0.1515128 0.1694419 0.1479146 0.1532399 0.1619603 0.1657920 0.1515707 0.1479146 0.0000010 0.1552529 0.1515707 0.1532399 1.2421716 0.1532399 0.1060681 1.2421716 0.0545302 0.0764551 0.1658573 0.0000000 0.1815209 0.1660598 0.0966631 
ap1|ITS|KU372649.1               0.4679615 0.4775376 0.3058813 0.2970655 0.3658736 0.4814765 0.6679461 0.4676426 0.4676426 0.4738728 0.2965655 0.4740981 0.4550703 0.4484177 0.4484177 0.3816178 0.4676426 1.0187382 0.4676426 0.1964199 0.4487017 1.0105073 0.4487017 0.4487017 1.0105073 0.4428626 0.1532195 0.4548237 0.1815209 0.0000000 0.4462459 0.0322601 
ap1|ITS|KR061493.1               0.1831332 0.1523723 0.1490708 0.1490708 0.1497032 0.2301280 0.6859269 0.1882634 0.1857847 0.1907040 0.0035092 0.1882634 0.1811987 0.1574132 0.1550902 0.1659777 0.1857847 0.4669441 0.1857847 0.1093279 0.1704902 0.4253507 0.1704902 0.1586611 0.4253507 0.1830910 0.0389021 0.1551282 0.1660598 0.4462459 0.0000000 0.0742390 
korean_sample_k19|ITS|AF438575.2 0.0550154 0.0417039 0.1168901 0.1168901 0.0000010 0.0876353 0.6451768 0.0038995 0.0038995 0.0038995 0.0742390 0.0038995 0.0550154 0.0744799 0.0744799 0.0000010 0.0038995 0.0000010 0.0000010 0.0000010 0.0550154 0.0000010 0.0550154 0.0539825 0.0000010 0.0729461 0.0259374 0.0792489 0.0966631 0.0322601 0.0742390 0.0000000 
