14
Sutorius_01 0.0000000 0.0299152 0.0296538 0.4027935 0.3984682 0.1122496 0.0296538 0.0214030 0.3410410 0.0280912 0.0641322 0.0000027 0.0676198 0.3426437 
Sutorius_02 0.0299152 0.0000000 0.0380202 0.4181209 0.3812216 0.1232648 0.0380202 0.0248274 0.3418405 0.0329552 0.0770804 0.0298716 0.0820717 0.3872264 
Sutorius_03 0.0296538 0.0380202 0.0000000 0.4280527 0.3978455 0.0989950 0.0000010 0.0037300 0.3590236 0.0135350 0.0630125 0.0296130 0.0636798 0.3645569 
Sutorius_04 0.4027935 0.4181209 0.4280527 0.0000000 0.2550122 0.5775552 0.4280527 0.3910568 0.2068639 0.4320138 0.4634831 0.4057116 0.3804590 0.2455728 
Sutorius_05 0.3984682 0.3812216 0.3978455 0.2550122 0.0000000 0.5338615 0.3978455 0.3930227 0.1119676 0.3932556 0.4233717 0.3974970 0.3875746 0.2580335 
Sutorius_06 0.1122496 0.1232648 0.0989950 0.5775552 0.5338615 0.0000000 0.0989950 0.0342487 0.4834945 0.0949731 0.1593130 0.1122496 0.0836314 0.5180201 
Sutorius_07 0.0296538 0.0380202 0.0000010 0.4280527 0.3978455 0.0989950 0.0000000 0.0037300 0.3590236 0.0135350 0.0630125 0.0296130 0.0636798 0.3645569 
Sutorius_08 0.0214030 0.0248274 0.0037300 0.3910568 0.3930227 0.0342487 0.0037300 0.0000000 0.3417297 0.0018632 0.0606980 0.0214030 0.0638573 0.3585605 
Sutorius_09 0.3410410 0.3418405 0.3590236 0.2068639 0.1119676 0.4834945 0.3590236 0.3417297 0.0000000 0.3501517 0.3969770 0.3402018 0.3440955 0.2545540 
Sutorius_10 0.0280912 0.0329552 0.0135350 0.4320138 0.3932556 0.0949731 0.0135350 0.0018632 0.3501517 0.0000000 0.0666015 0.0280525 0.0661027 0.3620494 
Sutorius_11 0.0641322 0.0770804 0.0630125 0.4634831 0.4233717 0.1593130 0.0630125 0.0606980 0.3969770 0.0666015 0.0000000 0.0641322 0.0000010 0.3781418 
Sutorius_12 0.0000027 0.0298716 0.0296130 0.4057116 0.3974970 0.1122496 0.0296130 0.0214030 0.3402018 0.0280525 0.0641322 0.0000000 0.0676198 0.3459325 
Sutorius_13 0.0676198 0.0820717 0.0636798 0.3804590 0.3875746 0.0836314 0.0636798 0.0638573 0.3440955 0.0661027 0.0000010 0.0676198 0.0000000 0.3916274 
Sutorius_14 0.3426437 0.3872264 0.3645569 0.2455728 0.2580335 0.5180201 0.3645569 0.3585605 0.2545540 0.3620494 0.3781418 0.3459325 0.3916274 0.0000000 
