112
Octaviania_001 0.0000000 0.0087558 0.0024223 0.0000010 0.0024223 0.0100203 0.0025674 0.0025674 0.0034076 0.0086466 0.0086466 0.0966997 0.2301507 0.2301507 0.2350560 0.2254152 0.2398899 0.2398899 1.0864703 0.1877295 0.2091060 0.4759797 0.4680729 0.4680729 0.2405409 0.1471678 0.1471678 0.3048681 0.1509392 0.1405739 0.1405739 0.1405739 0.1949039 0.1372797 0.1212844 0.1399039 0.1335296 0.0966997 0.0871238 0.0678178 0.0282805 0.0285834 0.0258803 0.0794747 0.1925337 0.1874495 0.1774119 0.2270200 0.2405409 0.2619641 0.0258803 0.1868739 0.2416417 1.0609980 0.0026050 0.2922296 0.2236052 0.2030716 0.2183810 0.2497412 0.2738942 0.2738942 0.2738942 0.2738942 0.1931208 0.0862967 0.3113602 0.2619641 0.1398949 0.1045901 0.2496880 0.3183157 0.2043492 0.2270200 0.1006606 0.2656736 0.3168938 0.2712965 0.2184649 0.6541038 0.1397630 0.1397630 0.2861503 0.2280039 0.1398949 0.1045901 0.1422913 0.1884882 0.1181407 0.1515126 0.1383645 0.1356007 0.0794747 0.0801497 0.1108823 0.1108823 0.2584323 0.2496880 0.2584323 0.3043425 0.3000557 0.3043425 0.3043425 0.3113602 0.3113602 0.1969405 0.1761346 0.2416305 0.2248585 0.2207960 0.2219976 0.2270157 
Octaviania_002 0.0087558 0.0000000 0.0117359 0.0087558 0.0117359 0.0213803 0.0125989 0.0125989 0.0138152 0.0161369 0.0161369 0.1153974 0.2064287 0.2064287 0.2119476 0.2011083 0.2173951 0.2173951 0.9267863 0.1459344 0.1848874 0.3900338 0.4284510 0.4284510 0.2123606 0.1492085 0.1492085 0.3310501 0.1685235 0.1558630 0.1558630 0.1558630 0.2138362 0.1518394 0.1323977 0.1651765 0.1577940 0.1153974 0.1035703 0.0717991 0.0342510 0.0413269 0.0379639 0.0902522 0.1920824 0.1590180 0.1795457 0.1968079 0.2123606 0.2164471 0.0379639 0.1590180 0.2135344 0.7338003 0.0095784 0.3003794 0.1983303 0.1747530 0.1928835 0.2283536 0.1963834 0.1963834 0.1963834 0.1963834 0.1650444 0.0775761 0.2566912 0.2164471 0.1553675 0.1074065 0.2245165 0.3005266 0.1710315 0.1968079 0.0976262 0.2278155 0.2794735 0.2347167 0.1871945 0.5612260 0.1223872 0.1223872 0.2377057 0.2037825 0.1553675 0.1074065 0.1586498 0.1566302 0.1146777 0.1693003 0.1634232 0.1595987 0.0902522 0.0952349 0.1066636 0.1066636 0.2408777 0.2245165 0.2408777 0.2664860 0.2616235 0.2664860 0.2664860 0.2566912 0.2566912 0.1620362 0.1327805 0.2135167 0.1999944 0.1824848 0.1926837 0.1982898 
Octaviania_003 0.0024223 0.0117359 0.0000000 0.0024550 0.0000010 0.0123251 0.0000010 0.0000010 0.0000010 0.0057301 0.0057301 0.1083817 0.2284503 0.2284503 0.2332377 0.2238276 0.2379545 0.2379545 1.1350210 0.1869602 0.2123222 0.4670844 0.4594593 0.4594593 0.2385881 0.1396826 0.1396826 0.2908055 0.1431935 0.1331602 0.1331602 0.1331602 0.1881665 0.1299711 0.1144479 0.1325489 0.1263554 0.1083817 0.0987992 0.0794002 0.0250459 0.0306645 0.0279971 0.0839491 0.2043589 0.1867414 0.1829558 0.2254038 0.2385881 0.2594779 0.0279971 0.1861800 0.2396592 1.0957716 0.0051237 0.2840478 0.2220208 0.2019575 0.2169427 0.2475503 0.2824657 0.2824657 0.2824657 0.2824657 0.1922835 0.0912554 0.3073879 0.2594779 0.1325390 0.0982911 0.2524176 0.3156605 0.2032345 0.2254038 0.1087662 0.2628101 0.3127582 0.2683167 0.2170424 0.6684414 0.1478188 0.1478188 0.2827460 0.2263412 0.1325390 0.0982911 0.1347304 0.1926976 0.1115453 0.1437222 0.1311243 0.1284186 0.0839491 0.0881791 0.1155795 0.1155795 0.2459808 0.2524176 0.2459808 0.3005735 0.2963932 0.3005735 0.3005735 0.3073879 0.3073879 0.1959603 0.1756213 0.2396480 0.2232570 0.2119600 0.2252038 0.2301506 
Octaviania_004 0.0000010 0.0087558 0.0024550 0.0000000 0.0024550 0.0101597 0.0026040 0.0026040 0.0034076 0.0086466 0.0086466 0.0982739 0.2344697 0.2344697 0.2394855 0.2296283 0.2444292 0.2444292 1.0634255 0.1913577 0.2129068 0.4779497 0.4552901 0.4552901 0.2450985 0.1459011 0.1459011 0.3048681 0.1535109 0.1429681 0.1429681 0.1429681 0.1949039 0.1396176 0.1233614 0.1422741 0.1357988 0.0982739 0.0885413 0.0689107 0.0286825 0.0289940 0.0262508 0.0807010 0.1925337 0.1860290 0.1774119 0.2312434 0.2450985 0.2670227 0.0262508 0.1854517 0.2462312 1.0590688 0.0026427 0.2922296 0.2278896 0.2069640 0.2224879 0.2545370 0.2792410 0.2792410 0.2792410 0.2792410 0.1966087 0.0876917 0.3119090 0.2670227 0.1422666 0.1063803 0.2545325 0.3248814 0.2081641 0.2312434 0.1023717 0.2714085 0.3220840 0.2770930 0.2225210 0.6480383 0.1422467 0.1422467 0.2923477 0.2323112 0.1422666 0.1063803 0.1447467 0.1918289 0.1165201 0.1541041 0.1406877 0.1378862 0.0807010 0.0813962 0.1126706 0.1126706 0.2633739 0.2545325 0.2633739 0.3047901 0.3004439 0.3047901 0.3047901 0.3119090 0.3119090 0.2007402 0.1795991 0.2462205 0.2291348 0.2191539 0.2263061 0.2314432 
Octaviania_005 0.0024223 0.0117359 0.0000010 0.0024550 0.0000000 0.0123251 0.0000010 0.0000010 0.0000010 0.0057301 0.0057301 0.1083817 0.2284503 0.2284503 0.2332377 0.2238276 0.2379545 0.2379545 1.1350210 0.1869602 0.2123222 0.4670844 0.4594593 0.4594593 0.2385881 0.1396826 0.1396826 0.2908055 0.1431935 0.1331602 0.1331602 0.1331602 0.1881665 0.1299711 0.1144479 0.1325489 0.1263554 0.1083817 0.0987992 0.0794002 0.0250459 0.0306645 0.0279971 0.0839491 0.2043589 0.1867414 0.1829558 0.2254038 0.2385881 0.2594779 0.0279971 0.1861800 0.2396592 1.0957716 0.0051237 0.2840478 0.2220208 0.2019575 0.2169427 0.2475503 0.2824657 0.2824657 0.2824657 0.2824657 0.1922835 0.0912554 0.3073879 0.2594779 0.1325390 0.0982911 0.2524176 0.3156605 0.2032345 0.2254038 0.1087662 0.2628101 0.3127582 0.2683167 0.2170424 0.6684414 0.1478188 0.1478188 0.2827460 0.2263412 0.1325390 0.0982911 0.1347304 0.1926976 0.1115453 0.1437222 0.1311243 0.1284186 0.0839491 0.0881791 0.1155795 0.1155795 0.2459808 0.2524176 0.2459808 0.3005735 0.2963932 0.3005735 0.3005735 0.3073879 0.3073879 0.1959603 0.1756213 0.2396480 0.2232570 0.2119600 0.2252038 0.2301506 
Octaviania_006 0.0100203 0.0213803 0.0123251 0.0101597 0.0123251 0.0000000 0.0127031 0.0114152 0.0179729 0.0116701 0.0116701 0.0982986 0.2621415 0.2621415 0.2667237 0.2577122 0.2712359 0.2712359 1.2628292 0.1895887 0.2115948 0.4504793 0.4167739 0.4159456 0.2718616 0.1614060 0.1614060 0.3186009 0.1373358 0.1286353 0.1286353 0.1286353 0.1788642 0.1258689 0.1123921 0.1264855 0.1210450 0.0982986 0.0900672 0.0761775 0.0220932 0.0294648 0.0263097 0.0671195 0.1768357 0.2021699 0.1806233 0.2414576 0.2718616 0.2708688 0.0263097 0.2192481 0.2729252 1.1743048 0.0068620 0.2982119 0.2567838 0.2381174 0.2514886 0.2852338 0.2572827 0.2572827 0.2572827 0.2572827 0.2782978 0.0880145 0.3026567 0.2708688 0.1195316 0.0883831 0.2616951 0.3213338 0.2212295 0.2414576 0.0986840 0.2773994 0.3231250 0.2821916 0.2217402 0.8744830 0.1571750 0.1571750 0.2836485 0.2603767 0.1195316 0.0883831 0.1281565 0.2115239 0.1355550 0.1464567 0.1239899 0.1259912 0.0671195 0.0678383 0.1147262 0.1147262 0.2749835 0.2616951 0.2749835 0.3044163 0.2956643 0.2993726 0.2993726 0.3026567 0.2977524 0.2327309 0.2144217 0.2493759 0.2316378 0.2937873 0.2400999 0.2446973 
Octaviania_007 0.0025674 0.0125989 0.0000010 0.0026040 0.0000010 0.0127031 0.0000000 0.0000010 0.0000010 0.0057301 0.0057301 0.0866076 0.2049018 0.2049018 0.2096012 0.2003633 0.2142317 0.2142317 1.0641849 0.1554448 0.1662379 0.4023704 0.4038045 0.4038045 0.2148329 0.1147635 0.1147635 0.1924793 0.1054438 0.1054438 0.1054438 0.1054438 0.1330958 0.1054438 0.1054438 0.1027265 0.1017421 0.0866076 0.0866076 0.0852151 0.0233983 0.0074999 0.0049799 0.0639714 0.2024143 0.1601747 0.1255880 0.1964150 0.2148329 0.2348092 0.0049799 0.1596895 0.2158461 1.0761890 0.0049799 0.2266725 0.2142317 0.2142317 0.2049018 0.2142317 0.2509955 0.2509955 0.2509955 0.2509955 0.1554357 0.0972523 0.2869224 0.2348092 0.0960088 0.0990710 0.2217974 0.2757837 0.1964150 0.1964150 0.1163932 0.2826591 0.2893641 0.2826591 0.1964150 0.6018847 0.1552515 0.1552515 0.3006413 0.2026355 0.0960088 0.0990710 0.0975234 0.1657237 0.1147635 0.1058275 0.1014258 0.1016759 0.0639714 0.0707689 0.0942340 0.0942340 0.2270726 0.2217974 0.2270726 0.2858251 0.2759362 0.2801707 0.2801707 0.2869224 0.2813946 0.2148329 0.1947471 0.2097258 0.2111159 0.2146438 0.2169197 0.2217974 
Octaviania_008 0.0025674 0.0125989 0.0000010 0.0026040 0.0000010 0.0114152 0.0000010 0.0000000 0.0000010 0.0057301 0.0057301 0.0852675 0.2290880 0.2290880 0.2335362 0.2247897 0.2379144 0.2379144 1.1425583 0.1627820 0.1750254 0.3955648 0.3967451 0.3987369 0.2385025 0.1234226 0.1234226 0.1924793 0.1113407 0.1113407 0.1113407 0.1113407 0.1330958 0.1113407 0.1113407 0.1026067 0.0989786 0.0852675 0.0852675 0.0844370 0.0208691 0.0090251 0.0047851 0.0593427 0.2024143 0.1595723 0.1255880 0.2092250 0.2385025 0.2244931 0.0047851 0.1777526 0.2394964 1.1838508 0.0068243 0.2266725 0.2379144 0.2379144 0.2290880 0.2423347 0.2323160 0.2323160 0.2323160 0.2323160 0.2339880 0.0951482 0.2773870 0.2244931 0.0936115 0.0958767 0.2200527 0.2812061 0.2092250 0.2092250 0.1070812 0.2969465 0.3044112 0.2969465 0.1964150 0.8024966 0.1645058 0.1645058 0.2897715 0.2271334 0.0936115 0.0958767 0.1015992 0.1708149 0.1234226 0.1201258 0.0964767 0.1019507 0.0593427 0.0625610 0.0950996 0.0950996 0.2316385 0.2200527 0.2316385 0.2793079 0.2705375 0.2743070 0.2743070 0.2773870 0.2724828 0.2385025 0.2203301 0.2104860 0.2088927 0.2990331 0.2199021 0.2244049 
Octaviania_009 0.0034076 0.0138152 0.0000010 0.0034076 0.0000010 0.0179729 0.0000010 0.0000010 0.0000000 0.0035549 0.0035549 0.0791181 0.1775321 0.1775321 0.1776765 0.1716675 0.1836201 0.1836201 0.9540518 0.1236486 0.1592783 0.3656988 0.4201467 0.4201467 0.1716675 0.0972064 0.0972064 0.2045696 0.1211543 0.1211543 0.1211543 0.1211543 0.1415213 0.1211543 0.1211543 0.1219878 0.1088647 0.0791181 0.0791181 0.0730560 0.0253605 0.0069916 0.0069916 0.0628548 0.2043589 0.1308318 0.1290254 0.1720796 0.1716675 0.1877101 0.0069916 0.1308318 0.1792724 0.8066298 0.0071621 0.2332057 0.1836201 0.1794419 0.1775321 0.1836201 0.1652461 0.1652461 0.1652461 0.1652461 0.1372308 0.0748407 0.2237885 0.1877101 0.1018280 0.0885629 0.1959176 0.2443275 0.1672850 0.1720796 0.0877797 0.2476290 0.2707408 0.2553353 0.1672850 0.5612036 0.1199444 0.1199444 0.2524203 0.1733098 0.1018280 0.0885629 0.1041123 0.1285331 0.0972064 0.1217803 0.1158159 0.1158159 0.0628548 0.0721178 0.0708359 0.0708359 0.2015699 0.1959176 0.2015699 0.2349141 0.2293661 0.2349141 0.2349141 0.2237885 0.2237885 0.1586915 0.1374714 0.1716675 0.1793864 0.1902894 0.1895751 0.1959176 
Octaviania_010 0.0086466 0.0161369 0.0057301 0.0086466 0.0057301 0.0116701 0.0057301 0.0057301 0.0035549 0.0000000 0.0000010 0.0631165 0.1730289 0.1730289 0.1684949 0.1682074 0.1733244 0.1733244 0.9062038 0.1355055 0.1471334 0.3800537 0.3512388 0.3512388 0.1688180 0.0991396 0.0991396 0.1963914 0.1038524 0.1038524 0.1038524 0.1038524 0.1200548 0.1038524 0.1038524 0.0967064 0.0923939 0.0631165 0.0631165 0.0660704 0.0237257 0.0028352 0.0056919 0.0545296 0.1920799 0.1154852 0.1169341 0.1560615 0.1688180 0.2110431 0.0056919 0.1151005 0.1697569 0.9517905 0.0056919 0.2153880 0.1733244 0.1733244 0.1730289 0.1733244 0.2073957 0.2073957 0.2073957 0.2073957 0.1278247 0.0721832 0.2502972 0.2110431 0.0857001 0.0849751 0.1874737 0.2414654 0.1560615 0.1560615 0.1048112 0.2507931 0.2507931 0.2507931 0.1560615 0.5194849 0.1487979 0.1487979 0.2804608 0.1654771 0.0857001 0.0849751 0.0872362 0.1219493 0.0991396 0.1042852 0.0920655 0.0923237 0.0545296 0.0619512 0.0721832 0.0721832 0.1956633 0.1874737 0.1956633 0.2431194 0.2384278 0.2431194 0.2431194 0.2502972 0.2502972 0.1688180 0.1456640 0.1636038 0.1698264 0.1819461 0.1823321 0.1874737 
Octaviania_011 0.0086466 0.0161369 0.0057301 0.0086466 0.0057301 0.0116701 0.0057301 0.0057301 0.0035549 0.0000010 0.0000000 0.0631165 0.1730289 0.1730289 0.1684949 0.1682074 0.1733244 0.1733244 0.9062038 0.1355055 0.1471334 0.3800537 0.3512388 0.3512388 0.1688180 0.0991396 0.0991396 0.1963914 0.1038524 0.1038524 0.1038524 0.1038524 0.1200548 0.1038524 0.1038524 0.0967064 0.0923939 0.0631165 0.0631165 0.0660704 0.0237257 0.0028352 0.0056919 0.0545296 0.1920799 0.1154852 0.1169341 0.1560615 0.1688180 0.2110431 0.0056919 0.1151005 0.1697569 0.9517905 0.0056919 0.2153880 0.1733244 0.1733244 0.1730289 0.1733244 0.2073957 0.2073957 0.2073957 0.2073957 0.1278247 0.0721832 0.2502972 0.2110431 0.0857001 0.0849751 0.1874737 0.2414654 0.1560615 0.1560615 0.1048112 0.2507931 0.2507931 0.2507931 0.1560615 0.5194849 0.1487979 0.1487979 0.2804608 0.1654771 0.0857001 0.0849751 0.0872362 0.1219493 0.0991396 0.1042852 0.0920655 0.0923237 0.0545296 0.0619512 0.0721832 0.0721832 0.1956633 0.1874737 0.1956633 0.2431194 0.2384278 0.2431194 0.2431194 0.2502972 0.2502972 0.1688180 0.1456640 0.1636038 0.1698264 0.1819461 0.1823321 0.1874737 
Octaviania_012 0.0966997 0.1153974 0.1083817 0.0982739 0.1083817 0.0982986 0.0866076 0.0852675 0.0791181 0.0631165 0.0631165 0.0000000 0.2261900 0.2261900 0.2224529 0.2221748 0.2264729 0.2264729 1.0540537 0.1878086 0.2030660 0.4099802 0.4077316 0.4173634 0.2270044 0.1426113 0.1426113 0.2685813 0.1350621 0.1369867 0.1403610 0.1369867 0.1758361 0.1378104 0.1426115 0.1171341 0.1092904 0.0000010 0.0000010 0.0168614 0.0940314 0.0625236 0.0708948 0.0946127 0.2130962 0.1708709 0.1445070 0.2166278 0.2270044 0.2497037 0.0708948 0.1779759 0.2279010 1.2772190 0.0708451 0.2730624 0.2472602 0.2366985 0.2306736 0.2644862 0.1865048 0.1908363 0.1865048 0.1952310 0.2551688 0.0884230 0.2785888 0.2497037 0.1101720 0.1208669 0.2229281 0.2705251 0.2253025 0.2166278 0.1047093 0.2714109 0.2815622 0.2789146 0.2215147 0.8143275 0.1357953 0.1357953 0.3154832 0.2203175 0.1101720 0.1208669 0.1224279 0.1891156 0.1498273 0.1467163 0.1200524 0.1141713 0.0941235 0.0893298 0.0813541 0.0813541 0.2475233 0.2229281 0.2475233 0.2803927 0.2721185 0.2756720 0.2756720 0.2785888 0.2741665 0.2314031 0.2029774 0.2133074 0.2143822 0.3207879 0.2348964 0.2394771 
Octaviania_013 0.2301507 0.2064287 0.2284503 0.2344697 0.2284503 0.2621415 0.2049018 0.2290880 0.1775321 0.1730289 0.1730289 0.2261900 0.0000000 0.0000010 0.0062055 0.0020538 0.0083018 0.0083018 1.0624346 0.0804270 0.0976665 0.3571319 0.3438185 0.3499911 0.0083200 0.1392658 0.1392658 0.1994954 0.1854851 0.1884037 0.1923519 0.1884037 0.1855218 0.1896330 0.1968310 0.1671078 0.1507401 0.2261900 0.2299450 0.2075866 0.2574843 0.2067002 0.1884330 0.2736932 0.4172043 0.0676209 0.0598881 0.1039499 0.0083200 0.1815438 0.1884330 0.0715841 0.0083519 1.1492707 0.2114817 0.1553139 0.0150380 0.0086613 0.0000010 0.0260241 0.2488534 0.2540118 0.2488534 0.2592486 0.1319975 0.2387542 0.2292718 0.1815438 0.1638214 0.1594930 0.1697094 0.2822150 0.1104745 0.1039499 0.1617189 0.1500904 0.1490371 0.1526939 0.1101942 0.7814548 0.1621470 0.1621470 0.2497153 0.0000021 0.1638214 0.1594930 0.1715147 0.0832549 0.1463818 0.1754945 0.1565585 0.1662831 0.2681644 0.2687559 0.2151775 0.2151775 0.1645230 0.1697094 0.1645230 0.2358477 0.2286137 0.2360293 0.2360293 0.2292718 0.2300205 0.0087818 0.0137593 0.0089712 0.0070078 0.2486621 0.1773855 0.1813257 
Octaviania_014 0.2301507 0.2064287 0.2284503 0.2344697 0.2284503 0.2621415 0.2049018 0.2290880 0.1775321 0.1730289 0.1730289 0.2261900 0.0000010 0.0000000 0.0062055 0.0020538 0.0083018 0.0083018 1.0624346 0.0804270 0.0976665 0.3571319 0.3438185 0.3499911 0.0083200 0.1392658 0.1392658 0.1994954 0.1854851 0.1884037 0.1923519 0.1884037 0.1855218 0.1896330 0.1968310 0.1671078 0.1507401 0.2261900 0.2299450 0.2075866 0.2574843 0.2067002 0.1884330 0.2736932 0.4172043 0.0676209 0.0598881 0.1039499 0.0083200 0.1815438 0.1884330 0.0715841 0.0083519 1.1492707 0.2114817 0.1553139 0.0150380 0.0086613 0.0000010 0.0260241 0.2488534 0.2540118 0.2488534 0.2592486 0.1319975 0.2387542 0.2292718 0.1815438 0.1638214 0.1594930 0.1697094 0.2822150 0.1104745 0.1039499 0.1617189 0.1500904 0.1490371 0.1526939 0.1101942 0.7814548 0.1621470 0.1621470 0.2497153 0.0000021 0.1638214 0.1594930 0.1715147 0.0832549 0.1463818 0.1754945 0.1565585 0.1662831 0.2681644 0.2687559 0.2151775 0.2151775 0.1645230 0.1697094 0.1645230 0.2358477 0.2286137 0.2360293 0.2360293 0.2292718 0.2300205 0.0087818 0.0137593 0.0089712 0.0070078 0.2486621 0.1773855 0.1813257 
Octaviania_017 0.2350560 0.2119476 0.2332377 0.2394855 0.2332377 0.2667237 0.2096012 0.2335362 0.1776765 0.1684949 0.1684949 0.2224529 0.0062055 0.0062055 0.0000000 0.0041232 0.0020538 0.0020538 1.0588263 0.0776302 0.1005889 0.3519307 0.3427552 0.3488784 0.0062253 0.1361912 0.1361912 0.1997693 0.1820577 0.1849138 0.1888336 0.1849138 0.1856797 0.1861175 0.1931643 0.1707431 0.1542663 0.2224529 0.2261323 0.2035225 0.2534510 0.2030933 0.1925532 0.2695986 0.4176015 0.0648497 0.0561623 0.1011666 0.0062253 0.1780199 0.1925532 0.0690339 0.0062492 1.1492707 0.2158341 0.1554475 0.0085011 0.0021418 0.0062855 0.0193115 0.2449512 0.2500619 0.2449512 0.2552500 0.1288031 0.2347352 0.2253462 0.1780199 0.1605239 0.1556971 0.1663651 0.2779666 0.1075716 0.1011666 0.1582801 0.1467282 0.1458292 0.1493290 0.1069973 0.7901186 0.1588001 0.1588001 0.2453487 0.0000021 0.1605239 0.1556971 0.1681014 0.0806137 0.1431322 0.1720032 0.1603281 0.1699056 0.2641224 0.2646774 0.2115156 0.2115156 0.1612978 0.1663651 0.1612978 0.2318939 0.2247011 0.2320737 0.2320737 0.2253462 0.2260798 0.0065700 0.0114367 0.0067113 0.0000010 0.2428946 0.1738061 0.1777159 
Octaviania_019 0.2254152 0.2011083 0.2238276 0.2296283 0.2238276 0.2577122 0.2003633 0.2247897 0.1716675 0.1682074 0.1682074 0.2221748 0.0020538 0.0020538 0.0041232 0.0000000 0.0062055 0.0062055 1.0482294 0.0775327 0.1004685 0.3514547 0.3487515 0.3551389 0.0062191 0.1360221 0.1360221 0.1886945 0.1818306 0.1846793 0.1885942 0.1846793 0.1791805 0.1858804 0.1929115 0.1705280 0.1540701 0.2221748 0.2258463 0.2032343 0.2531312 0.2028376 0.1844487 0.2692647 0.3994855 0.0647675 0.0560656 0.1010449 0.0062191 0.1777884 0.1844487 0.0689539 0.0062429 1.1327560 0.2072754 0.1496407 0.0128454 0.0064733 0.0020801 0.0237744 0.2446467 0.2497507 0.2446467 0.2549319 0.1286345 0.2344281 0.2250523 0.1777884 0.1603209 0.1554682 0.1661545 0.2776153 0.1074383 0.1010449 0.1580704 0.1465334 0.1456441 0.1491318 0.1068512 0.7814548 0.1585955 0.1585955 0.2450080 0.0000021 0.1603209 0.1554682 0.1678850 0.0805185 0.1429472 0.1717786 0.1601132 0.1696918 0.2637958 0.2643475 0.2112502 0.2112502 0.1610987 0.1661545 0.1610987 0.2315936 0.2244086 0.2317731 0.2317731 0.2250523 0.2257843 0.0065630 0.0114239 0.0067041 0.0046541 0.2486621 0.1735744 0.1774791 
Octaviania_020 0.2398899 0.2173951 0.2379545 0.2444292 0.2379545 0.2712359 0.2142317 0.2379144 0.1836201 0.1733244 0.1733244 0.2264729 0.0083018 0.0083018 0.0020538 0.0062055 0.0000000 0.0000010 1.0581721 0.0805283 0.1034811 0.3576160 0.3479957 0.3543513 0.0083284 0.1394389 0.1394389 0.1997693 0.1857167 0.1886428 0.1925958 0.1886428 0.1921118 0.1898747 0.1970886 0.1743222 0.1577408 0.2264729 0.2302360 0.2078808 0.2578094 0.2069605 0.1966102 0.2740326 0.4175782 0.0677069 0.0599916 0.1040752 0.0083284 0.1817800 0.1966102 0.0716674 0.0083604 1.1484881 0.2201191 0.1611998 0.0063577 0.0000010 0.0084093 0.0171177 0.2491629 0.2543281 0.2491629 0.2595718 0.1321706 0.2390667 0.2295710 0.1817800 0.1640287 0.1597277 0.1629581 0.2825720 0.1106117 0.1040752 0.1619333 0.1502899 0.1492265 0.1528959 0.1103451 0.7896349 0.1623561 0.1623561 0.2409002 0.0020677 0.1640287 0.1597277 0.1717356 0.0833534 0.1465713 0.1757238 0.1640434 0.1734723 0.2684963 0.2690911 0.2154476 0.2154476 0.1647263 0.1629581 0.1647263 0.2361533 0.2289114 0.2363352 0.2363352 0.2295710 0.2303213 0.0087911 0.0137748 0.0089810 0.0000010 0.2489545 0.1701598 0.1740382 
Octaviania_021 0.2398899 0.2173951 0.2379545 0.2444292 0.2379545 0.2712359 0.2142317 0.2379144 0.1836201 0.1733244 0.1733244 0.2264729 0.0083018 0.0083018 0.0020538 0.0062055 0.0000010 0.0000000 1.0581721 0.0805283 0.1034811 0.3576160 0.3479957 0.3543513 0.0083284 0.1394389 0.1394389 0.1997693 0.1857167 0.1886428 0.1925958 0.1886428 0.1921118 0.1898747 0.1970886 0.1743222 0.1577408 0.2264729 0.2302360 0.2078808 0.2578094 0.2069605 0.1966102 0.2740326 0.4175782 0.0677069 0.0599916 0.1040752 0.0083284 0.1817800 0.1966102 0.0716674 0.0083604 1.1484881 0.2201191 0.1611998 0.0063577 0.0000010 0.0084093 0.0171177 0.2491629 0.2543281 0.2491629 0.2595718 0.1321706 0.2390667 0.2295710 0.1817800 0.1640287 0.1597277 0.1629581 0.2825720 0.1106117 0.1040752 0.1619333 0.1502899 0.1492265 0.1528959 0.1103451 0.7896349 0.1623561 0.1623561 0.2409002 0.0020677 0.1640287 0.1597277 0.1717356 0.0833534 0.1465713 0.1757238 0.1640434 0.1734723 0.2684963 0.2690911 0.2154476 0.2154476 0.1647263 0.1629581 0.1647263 0.2361533 0.2289114 0.2363352 0.2363352 0.2295710 0.2303213 0.0087911 0.0137748 0.0089810 0.0000010 0.2489545 0.1701598 0.1740382 
Octaviania_023 1.0864703 0.9267863 1.1350210 1.0634255 1.1350210 1.2628292 1.0641849 1.1425583 0.9540518 0.9062038 0.9062038 1.0540537 1.0624346 1.0624346 1.0588263 1.0482294 1.0581721 1.0581721 0.0000000 0.9559598 1.0149886 1.1177117 1.2803446 1.2803446 1.0607428 1.0412088 1.0412088 1.9995728 1.0871323 1.1229334 1.1229334 1.1229334 0.9793822 1.1369055 1.1894953 1.0451716 0.9551690 1.0540537 1.0884374 1.1378378 1.2439984 1.0544392 1.0168030 1.2336100 3.0523109 0.9402032 0.7356717 1.0072278 1.0607428 1.0965732 1.0168030 0.9389293 1.0981363 1.3963572 1.0957030 1.1330704 1.1562954 1.1542544 1.1033756 1.1815557 1.0731525 1.0731525 1.0731525 1.0731525 1.0566609 1.1295633 1.1767797 1.0965732 0.9961799 0.9714599 1.0835331 1.1095213 1.0783867 1.0072278 1.0672567 1.1375605 1.1073890 1.1787600 1.0451420 1.1036215 1.0205978 1.0205978 1.2896098 1.0472053 0.9961799 0.9714599 1.0029062 0.9292267 1.1374296 1.0679531 0.9621482 1.0363442 1.2174025 1.2467189 1.0565969 1.0565969 1.1121790 1.0835331 1.1121790 1.2118436 1.1869865 1.2118436 1.2118436 1.1767797 1.1767797 1.1079040 1.0883566 1.0366437 1.0336212 0.9596453 1.1269539 1.1435188 
Octaviania_024 0.1877295 0.1459344 0.1869602 0.1913577 0.1869602 0.1895887 0.1554448 0.1627820 0.1236486 0.1355055 0.1355055 0.1878086 0.0804270 0.0804270 0.0776302 0.0775327 0.0805283 0.0805283 0.9559598 0.0000000 0.0766019 0.2408056 0.2759402 0.2794764 0.0807353 0.1212618 0.1212618 0.1443709 0.1442623 0.1446171 0.1483363 0.1446171 0.1327991 0.1455647 0.1511069 0.1459286 0.1218304 0.1878086 0.1883054 0.1795768 0.1929226 0.1452823 0.1431637 0.2000532 0.4793458 0.0735491 0.0298117 0.0769856 0.0807353 0.1297384 0.1431637 0.0739782 0.0810858 1.2002322 0.1503644 0.1183924 0.0910431 0.0839033 0.0808173 0.0926920 0.2045373 0.2094587 0.2045373 0.2144569 0.1113673 0.1849614 0.1728794 0.1297384 0.1281542 0.1264238 0.1469980 0.2097957 0.0816373 0.0769856 0.1189310 0.0940518 0.1002110 0.1034325 0.0783347 0.7556008 0.1326142 0.1326142 0.1875412 0.0752897 0.1281542 0.1264238 0.1305663 0.0687140 0.1260400 0.1369784 0.1311992 0.1378873 0.1940852 0.1939563 0.1688826 0.1688826 0.1276400 0.1469980 0.1276400 0.1799636 0.1723947 0.1760970 0.1760970 0.1728794 0.1690398 0.0697193 0.0670449 0.0789503 0.0724899 0.2370565 0.1513783 0.1553197 
Octaviania_025 0.2091060 0.1848874 0.2123222 0.2129068 0.2123222 0.2115948 0.1662379 0.1750254 0.1592783 0.1471334 0.1471334 0.2030660 0.0976665 0.0976665 0.1005889 0.1004685 0.1034811 0.1034811 1.0149886 0.0766019 0.0000000 0.3321103 0.2939912 0.3031073 0.1037308 0.1197517 0.1197517 0.1749596 0.1246407 0.1264094 0.1297276 0.1264094 0.1382065 0.1271695 0.1315968 0.1215061 0.1041339 0.2030660 0.2063288 0.1924338 0.2092009 0.1532552 0.1528165 0.2248237 0.4358390 0.0595044 0.0679491 0.1040930 0.1037308 0.1770084 0.1528165 0.0719205 0.1041515 1.2192930 0.1611100 0.1590952 0.1156624 0.1089371 0.0992346 0.1236096 0.2144718 0.2191886 0.2144718 0.2239750 0.1217082 0.1993343 0.2115446 0.1770084 0.1091649 0.1203132 0.1563162 0.2427818 0.1106311 0.1040930 0.1293439 0.1639862 0.1582220 0.1589707 0.1170080 0.7047516 0.1284572 0.1284572 0.2528879 0.0955237 0.1091649 0.1203132 0.1183259 0.0585342 0.1256121 0.1245727 0.1077676 0.1148653 0.2199788 0.2202944 0.1845499 0.1845499 0.1650597 0.1563162 0.1650597 0.2222718 0.2109470 0.2181434 0.2181434 0.2115446 0.2075008 0.1043089 0.1027548 0.0970509 0.0960212 0.2219128 0.1630662 0.1668900 
Octaviania_026 0.4759797 0.3900338 0.4670844 0.4779497 0.4670844 0.4504793 0.4023704 0.3955648 0.3656988 0.3800537 0.3800537 0.4099802 0.3571319 0.3571319 0.3519307 0.3514547 0.3576160 0.3576160 1.1177117 0.2408056 0.3321103 0.0000000 0.3643456 0.3643456 0.3456828 0.3238885 0.3238885 0.6805507 0.3305089 0.3371570 0.3371570 0.3371570 0.3223750 0.3398841 0.3532693 0.3297371 0.2887764 0.4099802 0.4188804 0.4063846 0.4575185 0.3743022 0.3768389 0.4496053 1.3101193 0.3268122 0.1560364 0.3220766 0.3456828 0.3488199 0.3768389 0.3415880 0.3520980 1.4386056 0.3817459 0.4251333 0.3913076 0.3856386 0.3659234 0.4059831 0.3802627 0.3802627 0.3802627 0.3802627 0.3644481 0.3945712 0.3853440 0.3488199 0.3183960 0.3269279 0.3701547 0.3998291 0.3428884 0.3220766 0.3330672 0.3626141 0.3629498 0.3787615 0.3508582 0.8518774 0.3315783 0.3315783 0.4634713 0.3499576 0.3183960 0.3269279 0.3332957 0.3337808 0.3461089 0.3404641 0.3053647 0.3112487 0.4421001 0.4428464 0.3587323 0.3587323 0.3959648 0.3701547 0.3959648 0.3933543 0.3890496 0.3993423 0.3993423 0.3853440 0.3797295 0.3469975 0.3201797 0.3544342 0.3604222 0.4766894 0.3809227 0.3874005 
Octaviania_027 0.4680729 0.4284510 0.4594593 0.4552901 0.4594593 0.4167739 0.4038045 0.3967451 0.4201467 0.3512388 0.3512388 0.4077316 0.3438185 0.3438185 0.3427552 0.3487515 0.3479957 0.3479957 1.2803446 0.2759402 0.2939912 0.3643456 0.0000000 0.0000010 0.3552602 0.3071893 0.3071893 0.6853101 0.3334521 0.3397452 0.3452754 0.3397452 0.3734276 0.3423213 0.3575426 0.3655707 0.3324400 0.4077316 0.4160205 0.4284683 0.4205828 0.3468355 0.3528550 0.4171131 1.4187854 0.3130071 0.1861905 0.3612544 0.3552602 0.4059392 0.3528550 0.3271891 0.3493505 1.3537106 0.3762623 0.4613848 0.3786861 0.3732479 0.3516592 0.3870950 0.4044990 0.4120018 0.4044990 0.4196330 0.4032093 0.4272416 0.3715893 0.4059392 0.2995026 0.2963956 0.3816031 0.3689191 0.3833073 0.3612544 0.3755421 0.3698415 0.3692136 0.3821187 0.3969521 0.8914626 0.3833515 0.3833515 0.4634490 0.3349962 0.2995026 0.2963956 0.2993735 0.3363841 0.3265362 0.3315606 0.3350148 0.3493404 0.4073670 0.4195862 0.3851158 0.3851158 0.3823452 0.3816031 0.3823452 0.3584368 0.3554945 0.3637311 0.3637311 0.3715893 0.3661676 0.3613835 0.3157106 0.3422431 0.3420672 0.3836165 0.4088248 0.4153905 
Octaviania_028 0.4680729 0.4284510 0.4594593 0.4552901 0.4594593 0.4159456 0.4038045 0.3987369 0.4201467 0.3512388 0.3512388 0.4173634 0.3499911 0.3499911 0.3488784 0.3551389 0.3543513 0.3543513 1.2803446 0.2794764 0.3031073 0.3643456 0.0000010 0.0000000 0.3619430 0.3121136 0.3121136 0.6853101 0.3395161 0.3461734 0.3461734 0.3461734 0.3734276 0.3488987 0.3622588 0.3731958 0.3386338 0.4173634 0.4262003 0.4284683 0.4310388 0.3523025 0.3528550 0.4239243 1.4187854 0.3130071 0.1861905 0.3674684 0.3619430 0.4131044 0.3528550 0.3326543 0.3557681 1.3576554 0.3706799 0.4613848 0.3866289 0.3810961 0.3582816 0.4008190 0.4139337 0.4139337 0.4139337 0.4139337 0.4032093 0.4347667 0.3923318 0.4131044 0.3041717 0.2963956 0.3971357 0.3757476 0.3906886 0.3674684 0.3840716 0.3780986 0.3770543 0.3864564 0.3969521 0.8859457 0.3921989 0.3921989 0.4745779 0.3408155 0.3041717 0.2963956 0.3041112 0.3426324 0.3325428 0.3315606 0.3350148 0.3549272 0.4169270 0.4298039 0.3936047 0.3936047 0.4030493 0.3971357 0.4030493 0.3782279 0.3751695 0.3838871 0.3838871 0.3923318 0.3865596 0.3687437 0.3211431 0.3422431 0.3420672 0.3912428 0.4088248 0.4153905 
Octaviania_029 0.2405409 0.2123606 0.2385881 0.2450985 0.2385881 0.2718616 0.2148329 0.2385025 0.1716675 0.1688180 0.1688180 0.2270044 0.0083200 0.0083200 0.0062253 0.0062191 0.0083284 0.0083284 1.0607428 0.0807353 0.1037308 0.3456828 0.3552602 0.3619430 0.0000000 0.1397809 0.1397809 0.1886945 0.1861649 0.1891026 0.1930639 0.1891026 0.1791805 0.1903394 0.1975807 0.1747478 0.1581334 0.2270044 0.2307805 0.2084404 0.2584071 0.2074559 0.1971196 0.2746487 0.3994855 0.0678841 0.0484411 0.1043274 0.0000010 0.1822361 0.1971196 0.0718384 0.0041553 1.1504854 0.2206806 0.1496407 0.0150878 0.0086902 0.0084279 0.0261109 0.2497354 0.2549111 0.2497354 0.2601653 0.1325137 0.2396490 0.2301321 0.1822361 0.1644329 0.1601866 0.1625545 0.2729323 0.1108870 0.1043274 0.1623520 0.1506819 0.1495988 0.1532922 0.1106480 0.7933155 0.1627642 0.1627642 0.2507043 0.0041603 0.1644329 0.1601866 0.1721647 0.0835544 0.1469443 0.1761679 0.1644721 0.1738955 0.2691015 0.2697022 0.2159587 0.2159587 0.1576317 0.1625545 0.1576317 0.2367239 0.2294702 0.2369063 0.2369063 0.2301321 0.2308852 0.0000010 0.0138081 0.0044617 0.0070331 0.2560882 0.1697144 0.1735818 
Octaviania_030 0.1471678 0.1492085 0.1396826 0.1459011 0.1396826 0.1614060 0.1147635 0.1234226 0.0972064 0.0991396 0.0991396 0.1426113 0.1392658 0.1392658 0.1361912 0.1360221 0.1394389 0.1394389 1.0412088 0.1212618 0.1197517 0.3238885 0.3071893 0.3121136 0.1397809 0.0000000 0.0000010 0.0000010 0.0640135 0.0648163 0.0675328 0.0648163 0.0713067 0.0651710 0.0672221 0.0753034 0.0677632 0.1426113 0.1446780 0.1458720 0.1433665 0.1154087 0.1192828 0.1613906 0.3313878 0.1134398 0.0687414 0.1697120 0.1397809 0.1532312 0.1192828 0.1268688 0.1403546 1.1374849 0.1228120 0.1271139 0.1541429 0.1439956 0.1417059 0.1694164 0.2005297 0.2050167 0.2005297 0.2095697 0.1510750 0.1440264 0.1923415 0.1532312 0.0690042 0.0682279 0.1769986 0.2565783 0.1760993 0.1697120 0.1218469 0.1947893 0.2071161 0.1981072 0.1729162 0.7545270 0.1322644 0.1322644 0.2312961 0.1339636 0.0690042 0.0682279 0.0755132 0.1124997 0.0000010 0.0703145 0.0754242 0.0726849 0.1565968 0.1693323 0.1301863 0.1301863 0.1554056 0.1769986 0.1554056 0.1909343 0.1877698 0.1946383 0.1946383 0.1923415 0.1929434 0.1354907 0.1254458 0.1303277 0.1309065 0.2712571 0.1852163 0.1892353 
Octaviania_031 0.1471678 0.1492085 0.1396826 0.1459011 0.1396826 0.1614060 0.1147635 0.1234226 0.0972064 0.0991396 0.0991396 0.1426113 0.1392658 0.1392658 0.1361912 0.1360221 0.1394389 0.1394389 1.0412088 0.1212618 0.1197517 0.3238885 0.3071893 0.3121136 0.1397809 0.0000010 0.0000000 0.0000010 0.0640135 0.0648163 0.0675328 0.0648163 0.0713067 0.0651710 0.0672221 0.0753034 0.0677632 0.1426113 0.1446780 0.1458720 0.1433665 0.1154087 0.1192828 0.1613906 0.3313878 0.1134398 0.0687414 0.1697120 0.1397809 0.1532312 0.1192828 0.1268688 0.1403546 1.1374849 0.1228120 0.1271139 0.1541429 0.1439956 0.1417059 0.1694164 0.2005297 0.2050167 0.2005297 0.2095697 0.1510750 0.1440264 0.1923415 0.1532312 0.0690042 0.0682279 0.1769986 0.2565783 0.1760993 0.1697120 0.1218469 0.1947893 0.2071161 0.1981072 0.1729162 0.7545270 0.1322644 0.1322644 0.2312961 0.1339636 0.0690042 0.0682279 0.0755132 0.1124997 0.0000010 0.0703145 0.0754242 0.0726849 0.1565968 0.1693323 0.1301863 0.1301863 0.1554056 0.1769986 0.1554056 0.1909343 0.1877698 0.1946383 0.1946383 0.1923415 0.1929434 0.1354907 0.1254458 0.1303277 0.1309065 0.2712571 0.1852163 0.1892353 
Octaviania_032 0.3048681 0.3310501 0.2908055 0.3048681 0.2908055 0.3186009 0.1924793 0.1924793 0.2045696 0.1963914 0.1963914 0.2685813 0.1994954 0.1994954 0.1997693 0.1886945 0.1997693 0.1997693 1.9995728 0.1443709 0.1749596 0.6805507 0.6853101 0.6853101 0.1886945 0.0000010 0.0000010 0.0000000 0.0954717 0.0992927 0.0992927 0.0992927 0.0954717 0.1010167 0.1098958 0.1061746 0.0819114 0.2685813 0.2823625 0.3317788 0.3102191 0.1892825 0.1892825 0.3234828 0.2535879 0.1719879 0.1290028 0.2368964 0.1886945 0.2185524 0.1892825 0.1719879 0.2029095 3.1624480 0.2097478 0.2092192 0.2591918 0.2267650 0.2109253 0.2975039 0.2995891 0.2995891 0.2995891 0.2995891 0.1402392 0.2535879 0.2795346 0.2185524 0.1032115 0.0912137 0.2748479 0.4159859 0.2661364 0.2368964 0.1463149 0.4101772 0.4022704 0.4086516 0.2740563 1.3832071 0.1965894 0.1965894 0.4422836 0.1919625 0.1032115 0.0912137 0.1013969 0.1573421 0.0000010 0.0880051 0.0953748 0.0965319 0.3074289 0.3318380 0.2154619 0.2154619 0.2092192 0.2748479 0.2092192 0.3018759 0.2769562 0.3018759 0.3018759 0.2795346 0.2795346 0.1824453 0.1633639 0.2028691 0.2109033 2.4346960 0.3074674 0.3074674 
Octaviania_033 0.1509392 0.1685235 0.1431935 0.1535109 0.1431935 0.1373358 0.1054438 0.1113407 0.1211543 0.1038524 0.1038524 0.1350621 0.1854851 0.1854851 0.1820577 0.1818306 0.1857167 0.1857167 1.0871323 0.1442623 0.1246407 0.3305089 0.3334521 0.3395161 0.1861649 0.0640135 0.0640135 0.0954717 0.0000000 0.0000010 0.0020697 0.0000010 0.0000010 0.0000010 0.0000010 0.0532880 0.0488100 0.1350621 0.1369867 0.1347596 0.1268389 0.0973615 0.1031738 0.1487451 0.3577301 0.1410587 0.1151129 0.1968294 0.1861649 0.2032935 0.1031738 0.1492003 0.1869174 1.1582748 0.1026405 0.1710475 0.2035994 0.1931820 0.1889754 0.2199872 0.1683150 0.1723702 0.1683150 0.1764832 0.1838992 0.1288901 0.2510117 0.2032935 0.0581833 0.0594171 0.1961450 0.2547647 0.2044654 0.1968294 0.1223953 0.2214759 0.2320618 0.2236280 0.2089662 0.7810092 0.1220750 0.1220750 0.3032457 0.1798622 0.0581833 0.0594171 0.0590110 0.1304831 0.0668738 0.0043036 0.0518649 0.0481478 0.1482539 0.1572012 0.1192938 0.1192938 0.1910037 0.1961450 0.1910037 0.2577129 0.2456430 0.2532594 0.2532594 0.2510117 0.2466576 0.1801046 0.1703494 0.1835578 0.1872687 0.2889355 0.2057977 0.2100130 
Octaviania_034 0.1405739 0.1558630 0.1331602 0.1429681 0.1331602 0.1286353 0.1054438 0.1113407 0.1211543 0.1038524 0.1038524 0.1369867 0.1884037 0.1884037 0.1849138 0.1846793 0.1886428 0.1886428 1.1229334 0.1446171 0.1264094 0.3371570 0.3397452 0.3461734 0.1891026 0.0648163 0.0648163 0.0992927 0.0000010 0.0000000 0.0020697 0.0000010 0.0000010 0.0000010 0.0000010 0.0538380 0.0494076 0.1369867 0.1369867 0.1347596 0.1183266 0.0986607 0.1046745 0.1431302 0.3577301 0.1433314 0.1175700 0.1999429 0.1891026 0.2067034 0.1046745 0.1514096 0.1898740 1.1582748 0.1026405 0.1755569 0.2035994 0.1931820 0.1889754 0.2006236 0.1708552 0.1749917 0.1708552 0.1791881 0.1869427 0.1288901 0.2554872 0.2067034 0.0588991 0.0594171 0.1993092 0.2591802 0.2044654 0.1999429 0.1223953 0.2214759 0.2316679 0.2236280 0.1965863 0.8033531 0.1220750 0.1220750 0.3032457 0.1826941 0.0588991 0.0594171 0.0597481 0.1323458 0.0668738 0.0043512 0.0525409 0.0485490 0.1426560 0.1514939 0.1209517 0.1209517 0.1940224 0.1993092 0.1940224 0.2623142 0.2499870 0.2577585 0.2577585 0.2554872 0.2510399 0.1801046 0.1703494 0.1815070 0.1872687 0.2889355 0.2057977 0.2100130 
Octaviania_035 0.1405739 0.1558630 0.1331602 0.1429681 0.1331602 0.1286353 0.1054438 0.1113407 0.1211543 0.1038524 0.1038524 0.1403610 0.1923519 0.1923519 0.1888336 0.1885942 0.1925958 0.1925958 1.1229334 0.1483363 0.1297276 0.3371570 0.3452754 0.3461734 0.1930639 0.0675328 0.0675328 0.0992927 0.0020697 0.0020697 0.0000000 0.0020697 0.0000010 0.0020796 0.0000010 0.0564420 0.0520055 0.1403610 0.1403610 0.1347596 0.1215528 0.1016787 0.1046745 0.1431302 0.3577301 0.1433314 0.1175700 0.2039633 0.1930639 0.2109980 0.1046745 0.1549746 0.1938495 1.1762099 0.1026405 0.1755569 0.2077376 0.1973096 0.1929378 0.2046901 0.1745697 0.1787522 0.1745697 0.1829956 0.1869427 0.1288901 0.2602947 0.2109980 0.0615433 0.0594171 0.2034078 0.2638685 0.2085911 0.2039633 0.1258198 0.2260948 0.2362190 0.2236280 0.1965863 0.8152578 0.1254214 0.1254214 0.3032457 0.1866201 0.0615433 0.0594171 0.0624360 0.1357076 0.0696855 0.0043512 0.0525409 0.0510981 0.1460628 0.1550131 0.1241810 0.1241810 0.1980132 0.2034078 0.1980132 0.2671623 0.2547281 0.2625596 0.2625596 0.2602947 0.2558084 0.1841551 0.1744333 0.1815070 0.1872687 0.2960073 0.2057977 0.2100130 
Octaviania_036 0.1405739 0.1558630 0.1331602 0.1429681 0.1331602 0.1286353 0.1054438 0.1113407 0.1211543 0.1038524 0.1038524 0.1369867 0.1884037 0.1884037 0.1849138 0.1846793 0.1886428 0.1886428 1.1229334 0.1446171 0.1264094 0.3371570 0.3397452 0.3461734 0.1891026 0.0648163 0.0648163 0.0992927 0.0000010 0.0000010 0.0020697 0.0000000 0.0000010 0.0000010 0.0000010 0.0538380 0.0494076 0.1369867 0.1369867 0.1347596 0.1183266 0.0986607 0.1046745 0.1431302 0.3577301 0.1433314 0.1175700 0.1999429 0.1891026 0.2067034 0.1046745 0.1514096 0.1898740 1.1582748 0.1026405 0.1755569 0.2035994 0.1931820 0.1889754 0.2006236 0.1708552 0.1749917 0.1708552 0.1791881 0.1869427 0.1288901 0.2554872 0.2067034 0.0588991 0.0594171 0.1993092 0.2591802 0.2044654 0.1999429 0.1223953 0.2214759 0.2316679 0.2236280 0.1965863 0.8033531 0.1220750 0.1220750 0.3032457 0.1826941 0.0588991 0.0594171 0.0597481 0.1323458 0.0668738 0.0043512 0.0525409 0.0485490 0.1426560 0.1514939 0.1209517 0.1209517 0.1940224 0.1993092 0.1940224 0.2623142 0.2499870 0.2577585 0.2577585 0.2554872 0.2510399 0.1801046 0.1703494 0.1815070 0.1872687 0.2889355 0.2057977 0.2100130 
Octaviania_037 0.1949039 0.2138362 0.1881665 0.1949039 0.1881665 0.1788642 0.1330958 0.1330958 0.1415213 0.1200548 0.1200548 0.1758361 0.1855218 0.1855218 0.1856797 0.1791805 0.1921118 0.1921118 0.9793822 0.1327991 0.1382065 0.3223750 0.3734276 0.3734276 0.1791805 0.0713067 0.0713067 0.0954717 0.0000010 0.0000010 0.0000010 0.0000010 0.0000000 0.0000010 0.0000010 0.0571295 0.0538042 0.1758361 0.1805130 0.1670635 0.1665078 0.1236095 0.1236095 0.1934603 0.3577301 0.1186861 0.1242069 0.1951702 0.1791805 0.1875867 0.1236095 0.1186861 0.1874456 1.0371069 0.1261968 0.1750377 0.2250160 0.2063790 0.1916809 0.2471932 0.1230910 0.1230910 0.1230910 0.1230910 0.1190521 0.1365227 0.2363847 0.1875867 0.0524043 0.0433315 0.1893325 0.2487218 0.2084298 0.1951702 0.1013161 0.2438987 0.2508457 0.2434291 0.2142722 0.6234801 0.1070098 0.1070098 0.3387754 0.1810189 0.0524043 0.0433315 0.0432398 0.1169897 0.0771292 0.0000022 0.0520550 0.0523910 0.1942900 0.2046700 0.1262434 0.1262434 0.1750377 0.1893325 0.1750377 0.2483964 0.2351858 0.2483964 0.2483964 0.2363847 0.2363847 0.1677154 0.1572576 0.1874185 0.1928505 0.2312700 0.1940600 0.2011401 
Octaviania_039 0.1372797 0.1518394 0.1299711 0.1396176 0.1299711 0.1258689 0.1054438 0.1113407 0.1211543 0.1038524 0.1038524 0.1378104 0.1896330 0.1896330 0.1861175 0.1858804 0.1898747 0.1898747 1.1369055 0.1455647 0.1271695 0.3398841 0.3423213 0.3488987 0.1903394 0.0651710 0.0651710 0.1010167 0.0000010 0.0000010 0.0020796 0.0000010 0.0000010 0.0000000 0.0000010 0.0541263 0.0496738 0.1378104 0.1378104 0.1347596 0.1156182 0.0992255 0.1053262 0.1405823 0.3577301 0.1443042 0.1186408 0.2012502 0.1903394 0.2081340 0.1053262 0.1523508 0.1911189 1.1582748 0.1026405 0.1774924 0.2035994 0.1931820 0.1896330 0.1936630 0.1719304 0.1760999 0.1719304 0.1803302 0.1882265 0.1288901 0.2573453 0.2081340 0.0592162 0.0594171 0.2006387 0.2610103 0.2044654 0.2012502 0.1223953 0.2214759 0.2333121 0.2236280 0.1980247 0.8122287 0.1220750 0.1220750 0.3032457 0.1838891 0.0592162 0.0594171 0.0600746 0.1331446 0.0668738 0.0043731 0.0528419 0.0488061 0.1401154 0.1489114 0.1216657 0.1216657 0.1952919 0.2006387 0.1952919 0.2642219 0.2517924 0.2596254 0.2596254 0.2573453 0.2528609 0.1801046 0.1703494 0.1827724 0.1886377 0.2889355 0.2057977 0.2100130 
Octaviania_040 0.1212844 0.1323977 0.1144479 0.1233614 0.1144479 0.1123921 0.1054438 0.1113407 0.1211543 0.1038524 0.1038524 0.1426115 0.1968310 0.1968310 0.1931643 0.1929115 0.1970886 0.1970886 1.1894953 0.1511069 0.1315968 0.3532693 0.3575426 0.3622588 0.1975807 0.0672221 0.0672221 0.1098958 0.0000010 0.0000010 0.0000010 0.0000010 0.0000010 0.0000010 0.0000000 0.0557910 0.0512108 0.1426115 0.1426115 0.1347596 0.1029466 0.1025042 0.1084750 0.1302385 0.3577301 0.1490260 0.1239020 0.2089104 0.1975807 0.2165378 0.1084750 0.1578446 0.1984097 1.1729358 0.1026405 0.1871222 0.1970886 0.1944034 0.1968310 0.2010465 0.1782149 0.1786622 0.1782149 0.1830427 0.1944671 0.1288901 0.2682986 0.2165378 0.0610489 0.0594171 0.2084385 0.2717823 0.2056579 0.2089104 0.1231057 0.2229852 0.2421514 0.2236280 0.2050395 0.8658180 0.1227677 0.1227677 0.3042216 0.1908850 0.0610489 0.0594171 0.0619625 0.1377987 0.0672221 0.0044774 0.0542884 0.0502895 0.1305343 0.1417364 0.1258206 0.1258206 0.2027296 0.2084385 0.2027296 0.2754685 0.2624302 0.2706283 0.2706283 0.2682986 0.2635939 0.1812422 0.1714492 0.1889273 0.1953100 0.2917103 0.2099738 0.2142936 
